出表日期,資料年月,公司代號,公司名稱,產業別,營業收入-當月營收,營業收入-上月營收,營業收入-去年當月營收,營業收入-上月比較增減(%),營業收入-去年同月增減(%),累計營業收入-當月累計營收,累計營業收入-去年累計營收,累計營業收入-前期比較增減(%),備註
"114/02/21","106/11","1240","茂生農經","農業科技","127804","116302","125733","9.889769737407784","1.6471411642130547","1285995","1149838","11.841407224322035","-"
"114/02/21","106/11","1259","安心","觀光餐旅","387638","426481","364606","-9.107791437367666","6.316955837259946","4511782","4281966","5.367067370455533","-"
"114/02/21","106/11","1264","德麥","食品工業","328718","287366","326095","14.39001134441792","0.8043668256183014","3308157","3391338","-2.4527487381086757","-"
"114/02/21","106/11","1268","漢來美食","觀光餐旅","257757","309874","235499","-16.81877150067447","9.45142017588185","3042333","2857104","6.4831031702031146","-"
"114/02/21","106/11","1336","台翰","電子零組件業","220129","216358","183515","1.74294456410209","19.951502601967142","2084209","1618940","28.739113246939354","-"
"114/02/21","106/11","1565","精華","生技醫療業","569106","522995","580677","8.81671908909263","-1.9926740683719175","5867585","5866413","0.019978136554654437","-"
"114/02/21","106/11","1569","濱川","電腦及週邊設備業","380676","330245","319187","15.27078381201835","19.264255749764246","3254766","2582583","26.02754683973371","-"
"114/02/21","106/11","1570","力肯","電機機械","45693","55243","74367","-17.28725811415021","-38.55742466416556","739943","651116","13.642269580228408","-"
"114/02/21","106/11","1580","新麥","電機機械","466671","377523","425749","23.613925509174276","9.611766557290798","4165065","3843679","8.36141623689179","-"
"114/02/21","106/11","1584","精剛","其他","64380","62863","62565","2.413184226015303","2.9009829777031886","896633","651729","37.577582093170626","-"
"114/02/21","106/11","1586","和勤","電機機械","210968","197685","189459","6.719275615246478","11.352852068257512","1995922","1735496","15.005854234178587","-"
"114/02/21","106/11","1591","駿吉-KY","電機機械","36863","32899","47760","12.048998449800905","-22.816164154103852","386461","490987","-21.28895469737488","-"
"114/02/21","106/11","1593","祺驊","運動休閒","75182","77501","71516","-2.992219455232836","5.12612562223838","762499","743032","2.619940998503429","-"
"114/02/21","106/11","1595","川寶","電子零組件業","125994","130791","62194","-3.667683556207996","102.58224266006367","1196668","696598","71.78745847676852","106年8月份起併入子公司寶虹之營收"
"114/02/21","106/11","1599","宏佳騰","電機機械","314254","376768","131250","-16.592173432987938","139.43161904761905","2308457","2377867","-2.919002618733512","主要客戶因調整產品結構,訂單延後"
"114/02/21","106/11","1742","台蠟","化學工業","26737","29397","42234","-9.04854236826887","-36.693185585073635","385207","576605","-33.19395426678575","-"
"114/02/21","106/11","1777","生泰","生技醫療業","52309","38164","72236","37.06372497641757","-27.58596821529431","638483","702967","-9.1731190795585","-"
"114/02/21","106/11","1781","合世","生技醫療業","33233","56126","56977","-40.7885828314863","-41.672955754076206","490694","569319","-13.810359394293885","-"
"114/02/21","106/11","1784","訊聯","生技醫療業","57659","70906","53663","-18.682481031224437","7.446471498052662","635169","618760","2.6519167366992047","-"
"114/02/21","106/11","1785","光洋科","其他電子業","2143075","1564053","1362808","37.020612472850985","57.25436011529137","14457782","23771893","-39.18119183861378","本月營收增加主係LBMA鑄錠出貨"
"114/02/21","106/11","1788","杏昌","生技醫療業","249356","241044","227079","3.4483330844161233","9.810242250494321","2702182","2560489","5.533825765312797","-"
"114/02/21","106/11","1796","金穎生技","食品工業","22463","21997","37677","2.118470700550075","-40.38007272341216","319621","425041","-24.80231318861004","-"
"114/02/21","106/11","1799","易威","生技醫療業","26162","24939","52882","4.90396567625005","-50.52758972807383","352762","302283","16.699252025419888","因105年上半年供應商產線調整而影響供貨，導致訂單延後，故去年本月營收較高。"
"114/02/21","106/11","1813","寶利徠","生技醫療業","29181","32669","24587","-10.67678839266583","18.684670760971244","370694","285545","29.819818242308568","-"
"114/02/21","106/11","1815","富喬","電子零組件業","318420","362823","382417","-12.238198791146097","-16.734873188168937","4439846","4384829","1.2547125554953227","-"
"114/02/21","106/11","2035","唐榮公司","鋼鐵工業","1610697","1573165","1561015","2.3857637310771596","3.1826728122407535","17628147","11212880","57.21337426245532","本年累計營收較上年同期累計增加57.21%，係因銷售量及售價都較上年同期同步明顯提升所致。"
"114/02/21","106/11","2061","風青","電器電纜","129934","123292","99209","5.3872108490413","30.969972482335272","1160911","831292","39.65141009416667","-"
"114/02/21","106/11","2063","世鎧","鋼鐵工業","66455","87424","63465","-23.98540446559297","4.711258173796581","850667","694989","22.40006676364662","-"
"114/02/21","106/11","2064","晉椿","鋼鐵工業","267322","215127","221887","24.26241243544511","20.476639009946503","2263739","1926859","17.48337579449249","-"
"114/02/21","106/11","2065","世豐","鋼鐵工業","80072","84277","93809","-4.989498914294529","-14.64358430427784","999151","1036495","-3.602911736187825","-"
"114/02/21","106/11","2066","世德","電機機械","114677","104938","110237","9.280718138329298","4.027685804221813","1215989","1158550","4.957835225065815","-"
"114/02/21","106/11","2067","嘉鋼","電機機械","123369","123769","114042","-0.32318270326172144","8.178565791550481","1128555","909258","24.118237068026897","10611及10511自結數"
"114/02/21","106/11","2070","精湛","電機機械","64196","60367","80480","6.342869448539765","-20.233598409542743","667312","706621","-5.562953832393886","-"
"114/02/21","106/11","2221","大甲","其他","97959","83344","130325","17.535755423305815","-24.83483598695569","833949","806125","3.451573887424407","-"
"114/02/21","106/11","2230","泰茂","電機機械","53397","44663","37134","19.55533663211159","43.795443528841496","489855","417303","17.385928210437022","-"
"114/02/21","106/11","2235","謚源","電機機械","61974","70603","76623","-12.22186026089543","-19.11828041188677","773148","827508","-6.569120781913891","-"
"114/02/21","106/11","2596","綠意","建材營造","58811","52570","351253","11.871789994293323","-83.25679780670913","958067","1201028","-20.229420130088556","本公司完工個案「中山一號」本月起開始交屋,致106年11月單月營收較105年同期減少"
"114/02/21","106/11","2640","大車隊","數位雲端","142473","137476","142951","3.634816258837906","-0.33438031213492736","1540961","1511747","1.932466212931132","-"
"114/02/21","106/11","2641","正德","航運業","53100","58543","62534","-9.297439488922672","-15.086193110947644","687613","730502","-5.871168046083378","-"
"114/02/21","106/11","2643","捷迅","航運業","242788","216298","271237","12.246992575058485","-10.488613279161767","2382911","2566712","-7.160951442935553","-"
"114/02/21","106/11","2718","全心投控","建材營造","20813","20414","22271","1.9545410012736357","-6.546630146827713","197545","231376","-14.621654795657285","-"
"114/02/21","106/11","2719","燦星旅","觀光餐旅","166785","205437","138909","-18.814527081294994","20.067814180506662","2314003","2377355","-2.6648102618245906","-"
"114/02/21","106/11","2724","藝舍-KY","觀光餐旅","65774","62557","68172","5.142510030851863","-3.5175731972070645","684573","761104","-10.055261830183523","-"
"114/02/21","106/11","2726","雅茗-KY","觀光餐旅","157757","149683","137429","5.394066126413821","14.791637863915184","1795042","1582853","13.405477324805272","-"
"114/02/21","106/11","2729","瓦城","觀光餐旅","299627","349580","264103","-14.289433033926427","13.450812751085751","3755944","3540263","6.092231000917163","-"
"114/02/21","106/11","2732","六角","觀光餐旅","227886","237341","191879","-3.98371962703452","18.765471990160467","2260234","1905602","18.609972071817726","-"
"114/02/21","106/11","2734","易飛網","觀光餐旅","80382","95057","76510","-15.438105557718","5.060776369102078","1165685","1495230","-22.03975308146573","-"
"114/02/21","106/11","2736","富野","觀光餐旅","54909","49971","51820","9.881731404214444","5.961018911617137","588466","639230","-7.941429532406176","-"
"114/02/21","106/11","2740","天蔥","觀光餐旅","33446","41572","40276","-19.546810353122293","-16.957989869897705","521946","684583","-23.757090082575818","-"
"114/02/21","106/11","2743","山富","觀光餐旅","463536","487855","365474","-4.984882803291962","26.83145723088373","4750233","5079571","-6.483579026654023","-"
"114/02/21","106/11","2745","五福","觀光餐旅","480639","641843","411523","-25.115799346569176","16.795173052295983","6049169","5620762","7.621866928363094","-"
"114/02/21","106/11","2916","滿心","居家生活","140863","161360","131254","-12.702652454139812","7.320919743398297","1168913","1191433","-1.8901608399297316","-"
"114/02/21","106/11","2924","宏太-KY","居家生活","76214","93798","103542","-18.74666837245997","-26.39315446871801","815394","1011380","-19.37807747829698","-"
"114/02/21","106/11","2926","誠品生活","文化創意業","352313","381844","317101","-7.733786572527","11.10434845680083","3863390","3862859","0.013746295166352175","-"
"114/02/21","106/11","2937","集雅社","居家生活","217203","171883","192453","26.366772746577613","12.860282770338731","1376687","1218265","13.003903091691873","-"
"114/02/21","106/11","2941","米斯特","居家生活","21063","19778","20677","6.497118009910001","1.8668085312182618","271978","198131","37.271805017892206","-"
"114/02/21","106/11","3064","泰偉","文化創意業","15165","9641","2276","57.2969608961726","566.3005272407732","46355","190970","-75.72655390899094","主係機台出貨較去年增加所致。"
"114/02/21","106/11","3066","李洲","光電業","41571","32978","39603","26.05676511613803","4.969320506022271","400958","408070","-1.7428382385375059","-"
"114/02/21","106/11","3067","全域","其他電子業","29991","21407","25773","40.09903302658009","16.3659643813293","245358","225485","8.813446570725326","-"
"114/02/21","106/11","3071","協禧","電腦及週邊設備業","197694","191873","194387","3.0337775507757736","1.7012454536568804","2077880","2059034","0.9152835747248467","-"
"114/02/21","106/11","3073","天方能源","綠能環保","5815","4392","4242","32.399817850637525","37.08156529938708","57157","209728","-72.74708193469637","註：增減百分比達50％以上原因：主係因子公司（正太建設有限公司）去年宜蘭建案交屋產生營建收入所致。"
"114/02/21","106/11","3078","僑威","電子零組件業","586980","588546","580839","-0.2660794568309019","1.0572637167958763","5344001","5533014","-3.416094736069708","-"
"114/02/21","106/11","3081","聯亞","通信網路業","210879","201796","117133","4.501080298915737","80.03380772284497","1823610","1981173","-7.953015713418263","磊晶片銷售成長"
"114/02/21","106/11","3083","網龍","文化創意業","28287","23573","27052","19.997454715140204","4.565281679727931","337937","299329","12.898182267672027","-"
"114/02/21","106/11","3085","新零售","數位雲端","87950","63876","59491","37.6886467530841","47.8374880233985","728766","291548","149.96432834387477","營收較去年同期增加逾50%，係因併入轉投資公司-拍手、光旭之101原創等營收，去年同期則無此情形。"
"114/02/21","106/11","3086","華義","文化創意業","4177","6247","9603","-33.13590523451256","-56.503176090804956","89463","190436","-53.022012644668024","遊戲營收未如預期"
"114/02/21","106/11","3088","艾訊","電腦及週邊設備業","333917","295322","411946","13.06878593535192","-18.941560301592926","3665831","4299624","-14.740661043849416","-"
"114/02/21","106/11","3093","港建*","其他電子業","51850","96928","46087","-46.506685374711125","12.50461084470675","754397","848900","-11.132406643892095","-"
"114/02/21","106/11","3095","及成","通信網路業","71955","51343","96677","40.14568685117737","-25.57174922680679","789696","1164668","-32.19561282700306","-"
"114/02/21","106/11","3105","穩懋","半導體業","1887080","1754184","1088725","7.575944142689706","73.32935314243726","15122072","12527470","20.71130084526245","本月較去年同期增加73.33%，主係智慧型手機需求較往年增加及光電元件出貨所致。"
"114/02/21","106/11","3114","好德","電子零組件業","201810","204525","162686","-1.3274660799413274","24.0487810874937","2006993","1656879","21.130933520190673","-"
"114/02/21","106/11","3115","富榮綱","電子零組件業","45359","48966","67285","-7.366335824858065","-32.586757821208295","562333","595473","-5.5653237006547736","-"
"114/02/21","106/11","3118","進階","生技醫療業","63291","46533","44520","36.013151956675905","42.16307277628032","504541","450208","12.068421707299738","-"
"114/02/21","106/11","3122","笙泉","半導體業","41926","34520","57072","21.45422943221321","-26.538407625455566","396435","545065","-27.268307449570234","-"
"114/02/21","106/11","3128","昇銳","光電業","68154","67811","67277","0.5058176402058663","1.3035658546011266","664416","692611","-4.0708276362922335","-"
"114/02/21","106/11","3131","弘塑","其他電子業","146707","168755","240183","-13.065094367574295","-38.91865785671759","1978147","2010260","-1.5974550555649518","-"
"114/02/21","106/11","3141","晶宏","半導體業","121356","106327","96574","14.13469767791812","25.66115103443991","1112589","1155708","-3.7309597233903373","-"
"114/02/21","106/11","3147","大綜","資訊服務業","187940","175266","150223","7.231294147181997","25.107340420574747","2035510","2125366","-4.2277894724955605","-"
"114/02/21","106/11","3152","璟德","通信網路業","160006","160133","173660","-0.07930907433196156","-7.862489922837729","1818485","1740105","4.504325888380299","-"
"114/02/21","106/11","3162","精確","電機機械","59461","53372","54982","11.408603762272353","8.14630242624859","526063","594686","-11.539366993673973","-"
"114/02/21","106/11","3163","波若威","通信網路業","191957","188058","230010","2.0732965361750098","-16.544063301595582","2064423","3039545","-32.081183203407086","-"
"114/02/21","106/11","3169","亞信","半導體業","60431","62447","56294","-3.228337630310503","7.348918179557324","647006","590675","9.536716468447116","-"
"114/02/21","106/11","3171","炎洲流通","居家生活","151793","133763","155163","13.479063717171416","-2.1719095402898887","1458031","1528909","-4.635854717318035","-"
"114/02/21","106/11","3176","基亞","生技醫療業","37391","37229","31136","0.43514464530339253","20.089285714285715","409000","364186","12.305250613697396","-"
"114/02/21","106/11","3178","公準","半導體業","99656","88628","116165","12.443020264476237","-14.211681659708173","1038758","1111279","-6.5259039359152835","-"
"114/02/21","106/11","3188","鑫龍騰","建材營造","69079","76738","3217","-9.980713596914175","2047.3111594653403","878663","141204","522.2649500014164","不動產於過戶時點認列營收，故波動較大"
"114/02/21","106/11","3191","雲嘉南","電子零組件業","21546","19404","24154","11.03896103896104","-10.79738345615633","221055","450669","-50.94958827875891","本公司昆山廠自105年8月起縮小電子事業部營運規模，致106年累計合併營收較105年減少逾50%。"
"114/02/21","106/11","3202","樺晟","電子零組件業","230752","233266","248592","-1.0777395762777258","-7.1764175838321425","2352048","2410579","-2.4280888533418734","-"
"114/02/21","106/11","3205","佰研","生技醫療業","38701","29143","58857","32.796898054421305","-34.24571418862667","431922","1335078","-67.6481823533906","本月營收較去年同期減少34.25%、本年累計營收較去年累計減少67.65%，係因保健品及鍋具銷售較去年同期減少。"
"114/02/21","106/11","3206","志豐","電子零組件業","250076","250555","222338","-0.1911755901897787","12.475600212289397","2170063","1774183","22.31336902675767","-"
"114/02/21","106/11","3207","耀勝","電子零組件業","74713","71347","83846","4.717787713568896","-10.892588793740906","829309","1005661","-17.5359291053347","-"
"114/02/21","106/11","3211","順達","電腦及週邊設備業","1560094","1357112","1349286","14.95690849391944","15.623670593187805","14334255","16374325","-12.45895632339043","-"
"114/02/21","106/11","3213","茂訊","電腦及週邊設備業","245597","190139","165660","29.16708302873161","48.253652058432934","2319948","1906372","21.694401722224203","本月外銷營業淨收入125,352仟元"
"114/02/21","106/11","3217","優群","電子零組件業","159438","116230","144118","37.174567667555706","10.630178048543554","1437295","1339910","7.268025464396862","-"
"114/02/21","106/11","3218","大學光","生技醫療業","82535","86121","79386","-4.163908918846739","3.9666943793616003","972899","957522","1.6059161042774996","-"
"114/02/21","106/11","3219","倚強科","其他電子業","165760","158907","374","4.312585348663054","44220.85561497326","651625","124083","425.15251887849263","本期營業收入較去年同期增加，主係海外轉投資公司之電子類產品挹注營收所致。"
"114/02/21","106/11","3221","台嘉碩","通信網路業","163781","158498","144013","3.3331650872566216","13.726538576378521","1690464","1735250","-2.5809537530615185","-"
"114/02/21","106/11","3224","三顧","電子通路業","117654","108044","113625","8.89452445300063","3.545874587458746","1304729","1571116","-16.9552725578506","-"
"114/02/21","106/11","3226","龍鋒","電機機械","174424","121829","115537","43.17116614270822","50.96808814492327","1233348","1147271","7.5027608995607835","新客戶需求增加"
"114/02/21","106/11","3227","原相","半導體業","457342","459099","354751","-0.3827061265652942","28.919157380810766","4705436","3939193","19.451776036360748","-"
"114/02/21","106/11","3228","金麗科","半導體業","22336","22203","18023","0.5990181507003558","23.930533207568107","232210","231239","0.419911866077954","-"
"114/02/21","106/11","3230","錦明","光電業","44741","52041","90625","-14.027401471916374","-50.630620689655174","773316","853123","-9.354688597072169","本月訂單減少,造成收入減少"
"114/02/21","106/11","3232","昱捷","電子通路業","127595","130538","32887","-2.2545159263969112","287.98005290844407","964739","458689","110.32529666070039","本期較去年同期增加，主係本期液晶驅動IC銷售增加所致"
"114/02/21","106/11","3234","光環","通信網路業","170794","153374","248572","11.35785726394304","-31.289928069130877","1647730","3568667","-53.827857852806105","光通需求減緩"
"114/02/21","106/11","3236","千如","電子零組件業","236122","216057","169901","9.286901141828313","38.97622733238769","2216254","1844725","20.140075078941305","-"
"114/02/21","106/11","3252","海灣","觀光餐旅","29318","30870","14777","-5.027534823453191","98.40292346213711","328036","262468","24.98133105750034","自1060427 起中科大飯店(股)公司、新中科事業(股)公司及后豐商務會館(股)公司併入合併報表，以致本月營收增加。"
"114/02/21","106/11","3259","鑫創","半導體業","76219","57253","55087","33.12664838523745","38.36113783651315","533527","585386","-8.858940938116046","-"
"114/02/21","106/11","3260","威剛","半導體業","2943164","2733366","2564920","7.675444854439545","14.746814715468709","29673460","20951754","41.62756970132429","-"
"114/02/21","106/11","3264","欣銓","半導體業","700219","709062","633678","-1.2471405885522","10.500759060595444","7163833","5656469","26.64849749905816","-"
"114/02/21","106/11","3265","台星科","半導體業","295705","327565","265363","-9.726313861371025","11.434148694429894","2604790","3104828","-16.10517555239775","-"
"114/02/21","106/11","3268","海德威","半導體業","82600","71716","51710","15.176529644709689","59.73699477857281","907073","703236","28.985575254964193","主要為語音音樂晶片銷售增加"
"114/02/21","106/11","3272","東碩","電腦及週邊設備業","287842","273351","323375","5.301242724555608","-10.988171627367608","3245993","3017248","7.5812462217225765","-"
"114/02/21","106/11","3276","宇環","電子零組件業","154830","144744","154740","6.968164483501907","0.05816207832493214","1781306","1565276","13.80139988091557","-"
"114/02/21","106/11","3284","太普高","其他","71894","74524","71705","-3.529064462455048","0.2635799456104874","763023","777584","-1.8725951151258255","-"
"114/02/21","106/11","3285","微端","其他電子業","85792","67175","96821","27.714179382210645","-11.39112382644261","1035522","1230852","-15.86949527644266","-"
"114/02/21","106/11","3287","廣寰科","電腦及週邊設備業","32518","30552","43618","6.434930610107358","-25.448209454812233","286921","376288","-23.749627944553108","-"
"114/02/21","106/11","3288","點晶","電子零組件業","16033","13188","18107","21.57264179557173","-11.454133760424146","166623","187362","-11.068946744804176","-"
"114/02/21","106/11","3289","宜特","其他電子業","258044","249755","192991","3.3188524754259174","33.707789482411094","2529141","2138009","18.294216722193404","-"
"114/02/21","106/11","3290","東浦","電子零組件業","312857","262417","284687","19.22131569219982","9.895077752057523","2653918","2289197","15.932267952474165","-"
"114/02/21","106/11","3293","鈊象","文化創意業","259193","246480","293989","5.157822135670237","-11.83581698634983","3028697","3058533","-0.9755003460809479","-"
"114/02/21","106/11","3294","英濟","電子零組件業","513540","532808","433794","-3.616312067386376","18.383380129739","4944200","4731187","4.502316226350808","-"
"114/02/21","106/11","3297","杭特","光電業","16343","23462","27154","-30.34268178330918","-39.81365544671135","246277","393820","-37.46457772586461","-"
"114/02/21","106/11","3303","岱稜","其他電子業","211594","196017","200002","7.94675971982022","5.795942040579594","2041539","2212484","-7.72638355802799","-"
"114/02/21","106/11","3306","鼎天","通信網路業","92963","107348","101619","-13.400342810299215","-8.51809208907783","1093924","1211990","-9.741499517322751","-"
"114/02/21","106/11","3310","佳穎","電子零組件業","106840","99264","45518","7.6321727917472595","134.72033041873544","1021463","600445","70.11766273347267","併購合併效益顯現"
"114/02/21","106/11","3313","斐成","其他","66793","60998","117052","9.500311485622479","-42.937326999965826","937649","1414649","-33.71861147182093","-"
"114/02/21","106/11","3317","尼克森","半導體業","225619","193566","217882","16.559209778576815","3.551004672253789","2211961","2144009","3.1693896807336164","-"
"114/02/21","106/11","3322","建舜電","電子零組件業","244470","208667","203560","17.157959811565796","20.097268618589112","2149676","2078161","3.4412636941988612","-"
"114/02/21","106/11","3323","加百裕","電腦及週邊設備業","789366","624868","527829","26.325239890664907","49.54957003120329","6790106","4552347","49.156160547515384","-"
"114/02/21","106/11","3324","雙鴻","其他電子業","700488","594821","589660","17.76450394320308","18.79523793372452","6333859","5948253","6.482676510229138","-"
"114/02/21","106/11","3325","旭品","電腦及週邊設備業","98205","143191","149434","-31.4167789875062","-34.28202417120602","1107962","1285425","-13.805784079195597","-"
"114/02/21","106/11","3332","幸康","電子零組件業","100733","75427","85135","33.5503201771249","18.321489399189524","1085050","995413","9.005005962349296","-"
"114/02/21","106/11","3339","泰谷","光電業","64902","67325","62145","-3.5989602673598218","4.436398744870867","714212","857861","-16.745020463688174","-"
"114/02/21","106/11","3349","寶德","電腦及週邊設備業","44639","41309","74541","8.061197317775788","-40.1148361304517","520649","890137","-41.50911601247898","-"
"114/02/21","106/11","3354","律勝","電子零組件業","68331","56812","43916","20.275645990283742","55.59477183714364","504643","414144","21.85206111883789","本月營收較去年同期增加55.59%，主係因本月銷售量增加所致。"
"114/02/21","106/11","3357","臺慶科","電子零組件業","289238","265581","247189","8.907640230287559","17.01087022480774","2796671","2685282","4.148130438441847","-"
"114/02/21","106/11","3360","尚立","電子通路業","305134","360143","1451294","-15.274210521931566","-78.97503882741884","8696699","11642633","-25.30298773481909","因客戶需求減少,本月營收較去年同期減少達50%以上。"
"114/02/21","106/11","3362","先進光","光電業","152836","180308","139401","-15.236151474144242","9.637664005279733","1595338","1348055","18.343687757546984","-"
"114/02/21","106/11","3363","上詮","通信網路業","116229","129670","137753","-10.365543302228735","-15.62506805659405","1411665","1336294","5.640300712268408","-"
"114/02/21","106/11","3372","典範","半導體業","108239","132743","149406","-18.45973045659658","-27.553779634017374","1285132","1608070","-20.08233472423464","-"
"114/02/21","106/11","3373","熱映","其他電子業","66203","64455","50696","2.7119695911876502","30.58821208773868","700972","793378","-11.647159361615774","-"
"114/02/21","106/11","3374","精材","半導體業","543398","502300","247654","8.181962970336452","119.41822058194093","3505076","3656597","-4.143770833920172","因晶圓級尺寸封裝需求較去年同期增加"
"114/02/21","106/11","3379","彬台","電機機械","25203","38958","54477","-35.30725396580933","-53.7364392312352","416874","540112","-22.81711941227005","主係因銷售零件買賣金額減少所致。"
"114/02/21","106/11","3388","崇越電","電子零組件業","718269","645532","627629","11.267760544790963","14.44165263236721","7043810","6588716","6.907172808783987","-"
"114/02/21","106/11","3390","旭軟","電子零組件業","94659","87530","63301","8.144636124757227","49.537921991753684","920441","583823","57.6575434677976","市場需求增加"
"114/02/21","106/11","3402","漢科","其他電子業","265792","265142","270931","0.24515165458509025","-1.8967929103720136","3113703","2975627","4.640232125867926","-"
"114/02/21","106/11","3426","台興","電機機械","73526","70587","60095","4.1636561973167865","22.34961311257176","730934","580388","25.93885469720256","-"
"114/02/21","106/11","3430","奇鈦科","化學工業","104203","58915","57804","76.87006704574387","80.26953152031001","861168","692233","24.404355180986748","子公司業績成長"
"114/02/21","106/11","3434","哲固","光電業","51611","50537","56796","2.1251756139066424","-9.129164025635609","602591","645927","-6.709117284151305","-"
"114/02/21","106/11","3438","類比科","半導體業","93654","81505","132742","14.905833997914238","-29.44659565171536","1225172","990794","23.655573206943117","自105年10月開始申報與子公司遠翔科之合併營收"
"114/02/21","106/11","3441","聯一光電","光電業","59806","52511","49399","13.89232732189446","21.06722808154011","556632","445901","24.833090753328655","-"
"114/02/21","106/11","3444","利機","電子通路業","75404","72260","85432","4.350954885137005","-11.73799044854387","833880","839517","-0.6714575166434986","-"
"114/02/21","106/11","3455","由田","光電業","360308","275753","351793","30.66331100658923","2.4204574849414286","2380895","1643833","44.83800970049877","-"
"114/02/21","106/11","3465","進泰電子","其他電子業","1168","1138","10952","2.6362038664323375","-89.33528122717311","48562","138558","-64.95186131439542","外銷客戶因當地市場因素延遲提貨，該暫時性因素持續追蹤。"
"114/02/21","106/11","3466","德晉","通信網路業","237601","133038","80225","78.5963408950826","196.16827672172016","1881831","1552049","21.248169355477824","本年本月較去年增加新客戶新機種訂單"
"114/02/21","106/11","3479","安勤","電腦及週邊設備業","447730","361070","380280","24.00088625474285","17.736930682654886","4366025","4628986","-5.680747360221007","-"
"114/02/21","106/11","3483","力致","電腦及週邊設備業","386718","310091","329619","24.711133183484847","17.32272714861704","3518812","3189488","10.325293589441316","-"
"114/02/21","106/11","3484","崧騰","電子零組件業","345419","287731","301267","20.04928214200069","14.655438531269604","3429816","3138404","9.285356506045748","-"
"114/02/21","106/11","3489","森寶","建材營造","-5852","11617","83028","-150.37445123525868","-107.04822469528352","437351","1280311","-65.84025287605903","主要係子公司森碁營造承攬之工程結案，辦理建造成本結算後，追減已依完工比例法認列之工程收入，致本月營收較上期減少107.05%。"
"114/02/21","106/11","3490","單井","光電業","34410","41319","35945","-16.72112103390692","-4.270413131172625","374169","670809","-44.22123137882765","-"
"114/02/21","106/11","3491","昇達科","通信網路業","107299","94314","137294","13.767839345166147","-21.84727664719507","1371039","1370369","0.048891940783832674","-"
"114/02/21","106/11","3492","長盛","電子零組件業","72253","62451","95138","15.69550527613649","-24.054531312409342","937596","1006678","-6.862373072621037","-"
"114/02/21","106/11","3498","陽程","其他電子業","212000","151427","147846","40.001452845265376","43.39244889953059","1705536","1603604","6.3564321366122805","-"
"114/02/21","106/11","3499","環天科","通信網路業","31213","43399","56001","-28.078987995115096","-44.26349529472688","550802","499065","10.366785889613578","-"
"114/02/21","106/11","3508","位速","其他電子業","228433","50863","89102","349.1142873994849","156.37247199838387","995099","944681","5.337039699115363","主因OPV(有機光伏發電電池模組)生產設備依安裝進度認列營業收入，故營業收入較去年同期大幅增加。"
"114/02/21","106/11","3511","矽瑪","電子零組件業","90930","81525","87568","11.536338546458142","3.8393020281381327","873707","1058862","-17.486225778241167","-"
"114/02/21","106/11","3512","皇龍","建材營造","131706","98672","44685","33.478595751581","194.74320241691842","1268054","503557","151.8193570936359","新增遊戲機機構件及手機機構件出貨."
"114/02/21","106/11","3516","亞帝歐","光電業","50328","65432","63428","-23.08350654114195","-20.653339219272247","680761","688165","-1.0759047612127906","-"
"114/02/21","106/11","3520","華盈","電子零組件業","96166","70868","61384","35.697352824970366","56.662974064902905","793786","559638","41.83918890425596","兩年度之合併營業收入均來自既有之電子零組件與網路資安系統部門。本期較去年同期增加主係客戶需求增加所致。"
"114/02/21","106/11","3521","鴻翊","電腦及週邊設備業","37690","45850","55118","-17.797164667393677","-31.619434667440764","428642","574462","-25.38375036120753","-"
"114/02/21","106/11","3522","御嵿","觀光餐旅","188690","184251","96576","2.4092135185155032","95.37980450629556","1249714","1123382","11.245684905045657","餐飲營收相較於去年同期增加501%。"
"114/02/21","106/11","3523","迎輝","光電業","2267","3432","37536","-33.94522144522144","-93.96046462063086","197341","454797","-56.60899258350429","RealD  3D光學膜的銷貨額$848,525 巳於7/25出售大陸子公司,導致營收規模縮減"
"114/02/21","106/11","3526","凡甲","電子零組件業","180461","158507","162001","13.850492407275388","11.394991388942044","1708962","1779322","-3.954315182974189","-"
"114/02/21","106/11","3527","聚積","半導體業","238507","222128","200486","7.3736764388100555","18.9644164679828","2461218","2281421","7.8809215835218485","-"
"114/02/21","106/11","3529","力旺","半導體業","67387","229864","65444","-70.68396965162009","2.968950553144673","1351143","1187327","13.797041590059015","-"
"114/02/21","106/11","3531","先益","光電業","168222","156491","146901","7.496277741211955","14.513856270549553","1797156","1558415","15.319475236057148","-"
"114/02/21","106/11","3537","堡達","電子零組件業","251988","205036","208910","22.899393277278136","20.620362835670864","2646286","2654863","-0.3230675179849205","-"
"114/02/21","106/11","3540","曜越","電腦及週邊設備業","306721","300207","279962","2.169836146392323","9.558082882676935","3246416","2883948","12.56846517343586","-"
"114/02/21","106/11","3541","西柏","其他電子業","184796","173814","188173","6.318248242374032","-1.7946251587634783","2019636","1640981","23.074916772345322","-"
"114/02/21","106/11","3546","宇峻","文化創意業","123272","96611","62636","27.596236453405925","96.8069480809758","856724","680743","25.851312462999985","新產品上市營收注入，所以較去年同期營收大幅成長。"
"114/02/21","106/11","3548","兆利","電子零組件業","472027","455172","424597","3.702995790602234","11.170592349922398","5052676","5061695","-0.17818141946521868","自結數尚未經會計師查核簽證及核閱，特此說明。"
"114/02/21","106/11","3551","世禾","綠能環保","132714","133684","118596","-0.7255916938451872","11.904280076899727","1385163","1223966","13.170055377355252","-"
"114/02/21","106/11","3552","同致","其他電子業","900157","698588","870983","28.853773611914317","3.3495487282759826","6984894","9010420","-22.479817810934453","-"
"114/02/21","106/11","3555","博士旺","半導體業","18405","19064","24791","-3.456777171632396","-25.759348150538504","232928","140531","65.74848254121866","去年度因產品銷售組合及人事調整，導致去年營業收入偏低。"
"114/02/21","106/11","3556","禾瑞亞","半導體業","88404","102975","123266","-14.150036416605973","-28.28192688981552","1055721","1141463","-7.511588198653833","-"
"114/02/21","106/11","3558","神準","通信網路業","831190","918102","547294","-9.46648629455115","51.87266807237061","7609715","5999175","26.84602466172432","本月營收較去年同期增加51.87%，主要係客戶需求成長。"
"114/02/21","106/11","3564","其陽","通信網路業","95305","107922","110657","-11.6908507996516","-13.873500998581202","871549","1178066","-26.018661093690845","-"
"114/02/21","106/11","3567","逸昌","半導體業","36349","36634","42622","-0.7779658240978327","-14.71775139599268","382132","361147","5.810653279689434","-"
"114/02/21","106/11","3570","大塚","資訊服務業","42007","63125","70900","-33.454257425742576","-40.751763046544426","620274","810487","-23.468976060072524","-"
"114/02/21","106/11","3577","泓格","電腦及週邊設備業","67070","68758","70135","-2.4549870560516593","-4.370143295073786","699953","783823","-10.700119797454272","-"
"114/02/21","106/11","3580","友威科","其他電子業","78911","112708","42856","-29.986336373638075","84.13057681538174","1097001","464230","136.30549512095297","主係本年濺鍍設備收入較去年同期增加所致"
"114/02/21","106/11","3581","博磊","半導體業","111247","109481","71943","1.6130652807336432","54.63213933252714","1085152","775894","39.85827961035915","主要係因2016年11月30日取得科榮(股)公司股權，佔其總發行股數53%，2016年12月開始增加認列該公司營收所致。"
"114/02/21","106/11","3587","閎康","其他電子業","155088","151507","132767","2.3635871609892614","16.81215964810533","1533570","1320207","16.161329246095498","-"
"114/02/21","106/11","3594","磐儀","電腦及週邊設備業","156674","123545","144907","26.81533044639605","8.12038065793923","1363940","1305909","4.44372463931254","-"
"114/02/21","106/11","3597","映興","電子零組件業","55760","49439","54869","12.785452780193774","1.623867757750278","590382","641282","-7.9372257446801875","-"
"114/02/21","106/11","3609","三一東林","電子零組件業","52104","40592","62942","28.36026803310997","-17.219027040767692","644500","687208","-6.214712285072351","-"
"114/02/21","106/11","3611","鼎翰","電腦及週邊設備業","376337","311280","333980","20.899832947828322","12.682495957841788","3393717","3102519","9.38585710514585","-"
"114/02/21","106/11","3615","安可","光電業","78336","84780","83552","-7.600849256900212","-6.242818843355036","897854","760674","18.034006683546433","-"
"114/02/21","106/11","3623","富晶通","光電業","80275","80462","100269","-0.23240784469687553","-19.940360430442112","824304","859013","-4.040567488501338","-"
"114/02/21","106/11","3624","光頡","電子零組件業","167762","151462","143574","10.761775230750947","16.84706144566565","1687541","1576451","7.046841290975743","-"
"114/02/21","106/11","3625","西勝","電腦及週邊設備業","231994","239112","130650","-2.976847669711265","77.56907768848068","1728446","979817","76.40498174659146","機種增加"
"114/02/21","106/11","3628","盈正","其他電子業","220115","180855","203633","21.707998120040916","8.0939729808037","2156937","2157146","-0.009688727605827329","-"
"114/02/21","106/11","3629","地心引力","文化創意業","978","3981","5893","-75.43330821401658","-83.40403868997116","61352","105746","-41.98172980538271","客戶需求減少"
"114/02/21","106/11","3630","新鉅科","光電業","73631","70792","123276","4.01034015142954","-40.27142347253318","821572","969126","-15.225471197759632","-"
"114/02/21","106/11","3631","晟楠","電子零組件業","183763","199438","36984","-7.859585435072554","396.8716201600692","958512","400110","139.56212041688536","新增半導體零組件銷售業務"
"114/02/21","106/11","3632","研勤","通信網路業","71152","65534","73748","8.572649311807611","-3.5200954602158703","665732","682690","-2.4839971290043796","-"
"114/02/21","106/11","3646","艾恩特","電子零組件業","50258","40394","41308","24.419468237857107","21.6665052774281","450697","498199","-9.534744148422618","-"
"114/02/21","106/11","3663","鑫科","其他電子業","197561","228007","265130","-13.353098808369918","-25.485233658959757","2415408","2641946","-8.574664281556096","-"
"114/02/21","106/11","3664","安瑞-KY","通信網路業","58153","74194","51203","-21.62034665875947","13.573423432220768","528165","478760","10.319366697301362","今年1至7月不含停業單位營收NT$132M, 去年1至11月不含停業單位營收NT$276M。"
"114/02/21","106/11","3666","光耀","光電業","93055","154172","122834","-39.64208805749423","-24.243287689076315","1248796","1253537","-0.3782098175004009","-"
"114/02/21","106/11","3672","康聯訊","通信網路業","56344","48560","51856","16.029654036243823","8.65473619253317","589592","800247","-26.323747542946116","-"
"114/02/21","106/11","3675","德微","半導體業","116509","130482","95600","-10.708756763384988","21.87133891213389","1270561","986565","28.786344538879852","-"
"114/02/21","106/11","3680","家登","半導體業","201448","166061","217727","21.309639228958034","-7.476794334189145","1543959","1926667","-19.863733587589344","-"
"114/02/21","106/11","3684","榮昌","通信網路業","56993","53417","45176","6.694498006252691","26.157694350982823","569120","529970","7.387210596826235","-"
"114/02/21","106/11","3685","元創精密","電機機械","23811","17247","28130","38.058792833536266","-15.353714895129755","267367","318700","-16.106997176027612","-"
"114/02/21","106/11","3687","歐買尬","數位雲端","56033","56820","61596","-1.3850756775783175","-9.031430612377427","818039","850209","-3.783775518725396","-"
"114/02/21","106/11","3689","湧德","電子零組件業","376634","307973","375102","22.294486854367104","0.40842224248337783","3915328","4100536","-4.516677819680159","-"
"114/02/21","106/11","3691","碩禾","光電業","855524","837043","1067266","2.2078913508625004","-19.83966508817858","8762290","13943162","-37.1570810121836","-"
"114/02/21","106/11","3693","營邦","電腦及週邊設備業","227847","194551","308941","17.114278518229153","-26.249024894721","2310982","3104828","-25.5681152063818","-"
"114/02/21","106/11","3707","漢磊","半導體業","446500","452485","374708","-1.3226957799706067","19.159452160081983","4850656","4021195","20.627226483669656","-"
"114/02/21","106/11","3709","鑫聯大投控","電腦及週邊設備業","820626","881813","0","-6.93877273299441","","2562290","0","","無"
"114/02/21","106/11","4102","永日","生技醫療業","26382","28944","21509","-8.851575456053068","22.655632525919383","288036","245761","17.20167154267764","-"
"114/02/21","106/11","4105","東洋","生技醫療業","473328","336952","347025","40.47342054654669","36.395936892154744","3731814","3436082","8.606663054024905","-"
"114/02/21","106/11","4107","邦特","生技醫療業","127314","123153","110166","3.378724026211298","15.565601002124067","1286984","1293581","-0.5099796611112872","-"
"114/02/21","106/11","4109","加捷生醫","生技醫療業","41757","35084","47325","19.020066127009464","-11.765451664025356","455265","579324","-21.414441659589453","-"
"114/02/21","106/11","4111","濟生","生技醫療業","87140","92352","84131","-5.6436243936243935","3.5765651186839573","964547","880751","9.514153262386305","-"
"114/02/21","106/11","4113","聯上","建材營造","46936","105927","41396","-55.69023950456447","13.382935549328437","783192","498998","56.9529336790929","截至106年11月當年累計營收較去年同期增加，係兩期個案營收組成因子不同，本年度入帳戶數較多所致。"
"114/02/21","106/11","4114","健喬","生技醫療業","155329","143805","149466","8.013629567817532","3.9226312338592053","1657672","1734435","-4.425821665268517","-"
"114/02/21","106/11","4116","明基醫","生技醫療業","84890","79822","73569","6.3491268071458995","15.388274952765432","934562","796936","17.269391770480944","-"
"114/02/21","106/11","4120","友華","生技醫療業","494811","414840","456824","19.277552791437664","8.315456280755827","4813136","4793377","0.41221460360827034","-"
"114/02/21","106/11","4121","優盛","生技醫療業","273464","262487","236347","4.181921390392667","15.704451505625203","2849929","2852212","-0.08004313844833413","-"
"114/02/21","106/11","4123","晟德","生技醫療業","2202294","1943269","1468565","13.329343492846332","49.96231014629928","17721115","13220753","34.040133720068745","-"
"114/02/21","106/11","4126","太醫","生技醫療業","132162","148984","114749","-11.29114535789078","15.174859911633217","1620406","1558308","3.9849631780110224","-"
"114/02/21","106/11","4127","天良","生技醫療業","36796","33730","56291","9.089831010969464","-34.632534508180704","461700","694832","-33.55228314182421","-"
"114/02/21","106/11","4128","中天","生技醫療業","147452","129112","131002","14.204721482124047","12.557060197554236","1298655","1398418","-7.133989980106091","-"
"114/02/21","106/11","4129","聯合","生技醫療業","182337","180158","117960","1.2094938886976987","54.575279755849444","1788162","1252397","42.77916666999362","本月係因大陸市場及歐洲子公司營收皆較去年同期增加，同時本年又新增子公司冠亞公司之營收，致使本月相較去年同期增加54.58%。"
"114/02/21","106/11","4130","健亞","生技醫療業","33615","33984","30490","-1.0858050847457628","10.249262053132174","378753","372806","1.5951996480743336","-"
"114/02/21","106/11","4131","浩泰","生技醫療業","675","907","789","-25.57883131201764","-14.448669201520913","11963","15053","-20.527469607387232","-"
"114/02/21","106/11","4138","曜亞","生技醫療業","100038","91725","91440","9.06295993458708","9.402887139107612","1050342","1115751","-5.862329498248265","-"
"114/02/21","106/11","4139","馬光-KY","生技醫療業","93658","85734","83640","9.242540882263746","11.977522716403634","812795","818861","-0.740785066085697","公告合併數為公司自結數"
"114/02/21","106/11","4147","中裕","生技醫療業","802","802","208","0.0","285.5769230769231","7634","1868","308.6723768736617","."
"114/02/21","106/11","4153","鈺緯","生技醫療業","65629","69139","80232","-5.0767294869755135","-18.200967195134112","788676","916336","-13.931570952139827","-"
"114/02/21","106/11","4154","樂威科-KY","其他","38638","27038","34284","42.90258155188993","12.699801656749504","399413","499884","-20.098862936201197","-"
"114/02/21","106/11","4157","太景*-KY","生技醫療業","808","855","4170","-5.497076023391813","-80.62350119904077","551606","140388","292.9153488902185","本公司於106年6月處分大中華區域之伏拉瑞韋專利及非專利技術，依處分利益認列當期營業收入新台幣5.27億元。"
"114/02/21","106/11","4160","訊聯基因","生技醫療業","26651","39049","26471","-31.749852749110094","0.6799894223867629","334765","313745","6.699708361886246","-"
"114/02/21","106/11","4161","聿新科","生技醫療業","40086","29274","43713","36.933797909407666","-8.297302861848879","424680","423821","0.20267990495987692","-"
"114/02/21","106/11","4162","智擎","生技醫療業","27363","3254","18057","740.9035033804548","51.53680013291245","99703","1133531","-91.20421055974649","105年授權金收入USD35,500,000"
"114/02/21","106/11","4163","鐿鈦","生技醫療業","167535","148720","175945","12.651291016675632","-4.779902810537384","1699893","1938912","-12.327480566420755","-"
"114/02/21","106/11","4167","松瑞藥","生技醫療業","103463","105949","154753","-2.346411952920745","-33.14313777438886","1508228","1365231","10.474198139362496","-"
"114/02/21","106/11","4168","醣聯","生技醫療業","12","0","12","","0.0","533","215","147.90697674418604","106年技術服務營收較105年高。"
"114/02/21","106/11","4171","瑞基","農業科技","11798","12825","12910","-8.007797270955166","-8.613477924089853","141597","140735","0.6124986677088144","-"
"114/02/21","106/11","4173","久裕","生技醫療業","139224","87752","134181","58.65621296380709","3.7583562501397365","1128897","1210285","-6.724697075482221","-"
"114/02/21","106/11","4174","浩鼎","生技醫療業","10","0","36","","-72.22222222222223","376","92422","-99.59317045725044","106/5及106/11材料銷售收入；105/5鼎腹欣相關權利移轉簽約金;105/11 protein characterization檢測收入"
"114/02/21","106/11","4175","杏一","生技醫療業","348244","359463","330546","-3.121044446855448","5.354171582775166","3901734","3695150","5.59067967470874","-"
"114/02/21","106/11","4183","福永生技","生技醫療業","20278","67949","58078","-70.15702953685853","-65.08488584317642","376076","407142","-7.630261677743883","訂單量減少"
"114/02/21","106/11","4188","安克","生技醫療業","1119","3013","1118","-62.86093594424162","0.08944543828264759","20072","9006","122.87363979569176","自106年8月開始出貨予大陸代理商"
"114/02/21","106/11","4192","杏國","生技醫療業","630","666","665","-5.405405405405405","-5.2631578947368425","7453","6215","19.9195494770716","-"
"114/02/21","106/11","4198","欣大健康","生技醫療業","32793","54701","34053","-40.05045611597594","-3.700114527354418","425952","408949","4.157731159631152","-"
"114/02/21","106/11","4205","中華食","食品工業","118853","122124","118867","-2.6784252071664865","-0.011777869383428537","1291286","1276733","1.1398624457893702","-"
"114/02/21","106/11","4207","環泰","食品工業","272950","252300","285994","8.18470075307174","-4.560934844786954","3077972","3209750","-4.105553392008724","-"
"114/02/21","106/11","4303","信立","塑膠工業","25657","30831","45325","-16.781810515390355","-43.39327082184225","415364","477730","-13.054654302639566","自106/4起無海外營收"
"114/02/21","106/11","4304","勝昱","塑膠工業","46019","37779","45350","21.811059053971782","1.4751929437706726","494788","392385","26.0975827312461","-"
"114/02/21","106/11","4305","世坤","塑膠工業","110946","97414","101962","13.891227133676884","8.811125713501108","1087419","1069647","1.6614827134559345","-"
"114/02/21","106/11","4401","東隆興","紡織纖維","404712","413917","382396","-2.2238758011871944","5.835835102877645","4235109","4142461","2.2365448944480106","-"
"114/02/21","106/11","4402","郡都開發","紡織纖維","51731","35275","33999","46.65060240963855","52.15447513162152","264158","407267","-35.13886467599879","本公司購買湖口廠效益發酵。"
"114/02/21","106/11","4406","新昕纖","紡織纖維","44411","66022","41904","-32.733028384477905","5.982722413134784","636200","589522","7.917940297393481","-"
"114/02/21","106/11","4413","飛寶企業","紡織纖維","36369","65836","3732","-44.75818701014642","874.5176848874598","406505","67292","504.09112524520003","本月(年)增減百分比達50％以上,係因去年主要客戶就售價決定權有疑慮,採淨額認列,今年主要客戶並無此疑慮,採總額認列"
"114/02/21","106/11","4416","三圓","建材營造","5021","4980","7834","0.8232931726907631","-35.90758233341843","51986","88100","-40.99205448354143","-"
"114/02/21","106/11","4417","金洲","紡織纖維","279633","323253","239244","-13.494074300934562","16.881928073431308","2627487","2364818","11.107366401981041","-"
"114/02/21","106/11","4419","皇家美食","觀光餐旅","644","423","1632","52.24586288416076","-60.53921568627451","9568","25114","-61.90172811977383","調整營運策略中，致營收下降。"
"114/02/21","106/11","4420","光明","紡織纖維","86689","80328","99859","7.918782989742057","-13.188595920247549","1003662","919551","9.146964116182788","-"
"114/02/21","106/11","4430","耀億","其他","149362","131092","146005","13.936777225154852","2.29923632752303","1533322","1576620","-2.7462546460148927","-"
"114/02/21","106/11","4432","銘旺實","紡織纖維","146609","114482","80290","28.06292692300973","82.59932743803712","1654195","2063652","-19.84137829440235","本月營收增加主要係去年受英國脫歐政策影響導致客戶下單改以減少囤貨，今年客戶已逐步恢復下單。"
"114/02/21","106/11","4433","興采","紡織纖維","146061","156919","118227","-6.919493496644765","23.54284554289629","1405957","1410258","-0.3049796562047512","-"
"114/02/21","106/11","4502","健信","電機機械","232336","207584","200159","11.923847695390782","16.075719802756808","2658491","1884704","41.056155237108854","-"
"114/02/21","106/11","4503","金雨","電機機械","24421","24597","21669","-0.7155344147660284","12.700170750842217","316879","231483","36.890829996155226","-"
"114/02/21","106/11","4506","崇友","電機機械","321404","254599","260183","26.23930180401337","23.52997697774259","3903554","3883844","0.5074869124506546","上列為本公司自結數"
"114/02/21","106/11","4510","高鋒","電機機械","235754","231832","201293","1.6917422961454847","17.119820361363782","2500345","2044720","22.283002073633554","-"
"114/02/21","106/11","4513","福裕","電機機械","195418","139172","142523","40.414738596844195","37.113308027476265","1652094","1370604","20.537660768537084","-"
"114/02/21","106/11","4523","永彰","電機機械","150071","111264","160839","34.878307448950245","-6.6948936514153905","1231206","1627744","-24.361201761456346","-"
"114/02/21","106/11","4527","方方土霖","電機機械","223148","291214","244630","-23.3731894757807","-8.781425009197564","2394401","2287906","4.654692981267587","-"
"114/02/21","106/11","4528","江興鍛","電機機械","254888","252502","203743","0.9449430103523933","25.10270291494677","2474570","2009986","23.113792832387887","-"
"114/02/21","106/11","4529","淳紳","其他","676","680","212","-0.5882352941176471","218.8679245283019","17219","57676","-70.14529440321797","本月營收較去年同期增加主因租金收入增加所致；本年累計營收較去年同期減少主因本期處分金融商品較去年同期減少所致"
"114/02/21","106/11","4530","宏易","觀光餐旅","6109","4459","3293","37.003812514016595","85.51472821135742","38221","27426","39.36046087654051","係為本公司自結數"
"114/02/21","106/11","4533","協易機","電機機械","440866","357935","273082","23.169290513640746","61.44088588775533","3670808","3828579","-4.120876178864273","本公司依客戶交期出貨"
"114/02/21","106/11","4534","慶騰","電機機械","151964","100429","253379","51.314859253801195","-40.025021805279835","2142083","2114451","1.3068167576359064","-"
"114/02/21","106/11","4535","至興","電機機械","272018","260430","277343","4.449564182313866","-1.9200051921267167","2889286","2905808","-0.5685853986223454","-"
"114/02/21","106/11","4538","大詠城","電機機械","56584","49332","44072","14.700397308035352","28.389907424214922","543841","399135","36.254901223896674","-"
"114/02/21","106/11","4541","晟田","其他","107165","87693","83639","22.20473698014665","28.12802639916785","1023504","905452","13.03790813869758","-"
"114/02/21","106/11","4542","科嶠","電子零組件業","58358","58867","47118","-0.8646610155095384","23.855002334564286","543121","276119","96.69816274866996","本月營收較去年同期增加百分比達50%以上係因國外機台銷售收入增加所致"
"114/02/21","106/11","4543","萬在","電機機械","64057","65607","78424","-2.362552776380569","-18.3196470468224","861367","1021938","-15.712401339415894","-"
"114/02/21","106/11","4549","桓達","電機機械","101381","87588","84006","15.747590994200118","20.683046449063163","966224","771831","25.185953919964344","-"
"114/02/21","106/11","4550","長佳","電機機械","102807","103960","163545","-1.1090804155444403","-37.13840227460332","1303820","1484256","-12.156663001530733","-"
"114/02/21","106/11","4554","橙的","其他電子業","33189","31794","50371","4.38762030571806","-34.11089714319748","445873","611055","-27.03226387150093","-"
"114/02/21","106/11","4556","旭然","其他","37477","36977","34607","1.3521919030748843","8.29311988903979","368843","328854","12.160107524919873","-"
"114/02/21","106/11","4558","寶緯","電機機械","96660","94607","104481","2.170029701819104","-7.485571539322939","1090222","1101070","-0.9852234644482185","-"
"114/02/21","106/11","4561","健椿","電機機械","93323","81657","83733","14.286589024823346","11.4530710711428","820250","585525","40.08795525383203","-"
"114/02/21","106/11","4563","百德","電機機械","187958","164673","165918","14.140144407401335","13.283670246748393","1694837","1658154","2.212279438459878","-"
"114/02/21","106/11","4568","科際精密","電機機械","101730","96799","82715","5.094060889058771","22.988575228193195","1078633","1070969","0.7156136172008714","-"
"114/02/21","106/11","4609","唐鋒","居家生活","46412","164739","27767","-71.82695050959397","67.14805344473656","678651","1025150","-33.79983417060918","依客戶訂單出貨致使本期營收較去年同期增加"
"114/02/21","106/11","4702","中美實","居家生活","31249","35239","68909","-11.322682255455604","-54.651787139560874","491098","761759","-35.53105378472719","台經院觀察近期國際經濟情勢，106年紡織業受國際競爭搶單效應，影響售價面亦不利於需求面表現，紡織業景氣仍為低迷的黃藍燈。"
"114/02/21","106/11","4706","大恭","化學工業","140273","134539","159792","4.26196121570697","-12.215254831280665","1527178","1577052","-3.162482911153215","-"
"114/02/21","106/11","4707","磐亞","化學工業","140838","144407","90966","-2.471486839280644","54.82487962535453","1392502","1476277","-5.674748031704077","105年度實施例行性歲修"
"114/02/21","106/11","4711","永純","化學工業","96601","76231","107288","26.72141254870066","-9.961039445231526","1156695","1082064","6.897096659716985","-"
"114/02/21","106/11","4714","永捷","化學工業","38643","47367","57504","-18.41788586990943","-32.79945742904842","496357","448135","10.760596695192296","-"
"114/02/21","106/11","4716","大立","化學工業","102580","93300","95881","9.946409431939978","6.986785703111148","1001530","978715","2.331117843294524","-"
"114/02/21","106/11","4721","美琪瑪","化學工業","437987","406705","198316","7.691570056920864","120.85308295851065","3800069","2109603","80.13194899703878","原料單價上揚，業績銷售成長"
"114/02/21","106/11","4726","永昕","生技醫療業","51628","17881","7510","188.7310553101057","587.45672436751","295107","154098","91.50605458863839","本公司目前營收主要以接受客戶委託藥品開發的技術服務收入為主。此認列係以服務內容完成的進度認列收入，故變化較大。"
"114/02/21","106/11","4728","雙美","生技醫療業","16793","18287","15765","-8.169738065292284","6.520773866159214","171829","136064","26.28542450611477","-"
"114/02/21","106/11","4729","熒茂","光電業","130905","143925","258851","-9.046378322042731","-49.42843566376023","1683523","2196044","-23.33837573381954","本公司為了引進大陸地區策略性股東以發展高階3D保護玻璃,放棄參與凱茂增資案,導致持股降低,故自106年4月起凱茂營收不再併入。"
"114/02/21","106/11","4735","豪展","生技醫療業","83532","127032","122179","-34.24334026072171","-31.631458761325597","1020066","1002548","1.747347757912838","-"
"114/02/21","106/11","4741","泓瀚","化學工業","70400","70370","72774","0.04263180332528066","-3.2621540660125867","681445","687629","-0.899322163550403","-"
"114/02/21","106/11","4743","合一","生技醫療業","424","470","490","-9.787234042553191","-13.46938775510204","2382","5313","-55.166572557876904","去年銷售葡萄糖胺液及左手香漱口水"
"114/02/21","106/11","4744","皇將","生技醫療業","58803","77900","95468","-24.514762516046215","-38.40553902878452","913921","968428","-5.62839983974028","-"
"114/02/21","106/11","4745","合富-KY","生技醫療業","269963","249717","264296","8.107577778044746","2.144186820837243","2713663","2698241","0.5715575443409243","-"
"114/02/21","106/11","4747","強生製藥","生技醫療業","35250","32455","36146","8.611924202742259","-2.4788358324572566","359922","356889","0.8498440691643621","-"
"114/02/21","106/11","4754","國碳科","化學工業","31909","39625","39604","-19.472555205047318","-19.42985557014443","387251","378996","2.178123251960443","-"
"114/02/21","106/11","4760","勤凱科技","其他電子業","51825","55883","49319","-7.261600128840613","5.081206026075144","562164","489135","14.930233984482811","-"
"114/02/21","106/11","4767","誠泰科技","化學工業","83572","76779","101053","8.847471313770692","-17.298843181300903","947404","1059931","-10.616445787508809","-"
"114/02/21","106/11","4768","晶呈科技","化學工業","43612","44652","46986","-2.329122995610499","-7.180862384540076","445199","407263","9.314865332721116","-"
"114/02/21","106/11","4804","大略-KY","觀光餐旅","122259","186850","140760","-34.56837035054857","-13.143648763853367","1246152","1167245","6.7601060617094095","-"
"114/02/21","106/11","4806","桂田文創","文化創意業","911","684","46550","33.187134502923975","-98.04296455424274","385807","490343","-21.318954283022293","編劇與製作收入較去年減少"
"114/02/21","106/11","4903","聯光通","通信網路業","77083","97997","93653","-21.341469636825618","-17.692972996059922","855350","1003776","-14.786765174700331","-"
"114/02/21","106/11","4905","台聯電","通信網路業","7224","11528","12707","-37.335183900069396","-43.149445187691825","81058","102782","-21.135996575275826","-"
"114/02/21","106/11","4907","富宇","建材營造","98698","94902","13937","3.9999157025141727","608.1724904929325","4028661","144693","2684.28189338807","晴美餘屋銷售"
"114/02/21","106/11","4908","前鼎","通信網路業","90950","72737","89391","25.039525963402394","1.7440234475506482","932577","901772","3.416051951047493","-"
"114/02/21","106/11","4909","新復興","通信網路業","101145","98382","131962","2.808440568396658","-23.352934935814854","1227727","1429590","-14.120342196014242","-"
"114/02/21","106/11","4911","德英","生技醫療業","1157","794","3003","45.71788413098237","-61.47186147186147","21828","32185","-32.179586764020506","配合客戶訂單出貨"
"114/02/21","106/11","4923","力士","半導體業","62299","57507","32696","8.332898603648252","90.54012723268902","521503","382950","36.18044131087609","客戶訂單增加"
"114/02/21","106/11","4924","欣厚-KY","電腦及週邊設備業","45374","44326","52701","2.3643008617966883","-13.90296199313106","504471","455823","10.6725636924859","-"
"114/02/21","106/11","4931","新盛力","電腦及週邊設備業","168984","165163","151884","2.313472145698492","11.258592083432093","1622577","1646491","-1.452422151108023","-"
"114/02/21","106/11","4933","友輝","光電業","229319","233463","270712","-1.7750135995853733","-15.290419338632939","2460791","3051159","-19.348975258254324","-"
"114/02/21","106/11","4939","亞電","電子零組件業","153820","134189","145602","14.629366043416375","5.644153239653302","1454056","1279197","13.669434809493769","-"
"114/02/21","106/11","4946","辣椒","文化創意業","34072","46949","31593","-27.427634241410892","7.846674896337796","338969","374811","-9.56268626054198","-"
"114/02/21","106/11","4950","金耘國際","其他","3071","38166","47732","-91.95357124141907","-93.56616106595156","282579","542505","-47.91218514115077","本月營收較去年同期減少，係因主要客戶調節庫存故訂單減少。"
"114/02/21","106/11","4951","精拓科","半導體業","24485","25753","28326","-4.9236982099172915","-13.559980230177223","259355","288440","-10.083552905283595","-"
"114/02/21","106/11","4953","緯軟","資訊服務業","255281","240190","239242","6.282942670385944","6.70409041890638","2507825","2483012","0.9993105148102386","-"
"114/02/21","106/11","4966","譜瑞-KY","半導體業","919012","921157","852288","-0.23285932799729037","7.828809041075317","9531360","8305191","14.763886826925473","-"
"114/02/21","106/11","4971","IET-KY","半導體業","71014","70278","61460","1.047269415748883","15.54506996420436","805901","820445","-1.772696524447099","-"
"114/02/21","106/11","4972","湯石照明","光電業","81859","81024","93793","1.0305588467614535","-12.723764033563272","887597","1081479","-17.927486340465233","-"
"114/02/21","106/11","4973","廣穎電通","半導體業","504364","452790","309876","11.390269219726584","62.76316978404265","3874616","3943283","-1.7413662676505846","主要係市場業務開發成果顯現"
"114/02/21","106/11","4974","亞泰","電子零組件業","330928","305934","250266","8.169735956121254","32.23050674082776","3360309","2915981","15.237685019209659","-"
"114/02/21","106/11","4979","華星光","通信網路業","132682","129625","185297","2.358341369334619","-28.394955126094864","1513645","2355575","-35.74201628052599","-"
"114/02/21","106/11","4987","科誠","電腦及週邊設備業","81989","90473","70106","-9.377383307727166","16.950047071577327","943634","879024","7.350197491763592","-"
"114/02/21","106/11","4991","環宇-KY","半導體業","150711","148434","124691","1.5340151178301467","20.867584669302516","1698212","1639369","3.589368836424258","-"
"114/02/21","106/11","4995","晶達","光電業","74474","81129","75250","-8.202985368980267","-1.0312292358803987","945572","800021","18.193397423317638","-"
"114/02/21","106/11","5009","榮剛","鋼鐵工業","741421","705753","769429","5.053892792520896","-3.6401019457285857","8331192","7910544","5.317560966729975","-"
"114/02/21","106/11","5011","久陽","鋼鐵工業","86094","75622","73928","13.847822062362804","16.456552321177362","812596","962404","-15.566020091354567","-"
"114/02/21","106/11","5013","強新","鋼鐵工業","705895","633442","631683","11.437984851020298","11.748297801270574","6181066","5370423","15.094583797216718","-"
"114/02/21","106/11","5014","建錩","鋼鐵工業","1814294","1410258","1462143","28.649793158414987","24.084579962425018","15536035","11829728","31.330449863259748","-"
"114/02/21","106/11","5015","華祺","鋼鐵工業","206941","217516","187749","-4.86171132238548","10.222158307101502","2224248","2014970","10.38615959542822","-"
"114/02/21","106/11","5016","松和","鋼鐵工業","218869","212546","235493","2.9748854365643203","-7.059233183151941","2362296","2090330","13.010672955944756","-"
"114/02/21","106/11","5201","凱衛","資訊服務業","23755","18977","21232","25.177846867260367","11.883006782215524","189131","201156","-5.977947463660045","-"
"114/02/21","106/11","5202","力新","資訊服務業","17788","26986","16325","-34.08434002816275","8.961715160796325","203138","221579","-8.322539590845702","-"
"114/02/21","106/11","5205","中茂","綠能環保","12412","2500","12911","396.48","-3.8649213848656183","44846","46547","-3.654370850967839","-"
"114/02/21","106/11","5206","坤悅","建材營造","98751","38024","0","159.7070271407532","","1258140","1027621","22.43229751046349","本期營業收入較去年同期增加，主要係因本期出售「君臨」餘屋認列收入，故本期營業收入較去年同期增加。"
"114/02/21","106/11","5209","新鼎","其他","132428","153100","64494","-13.502286087524494","105.33382950351971","1180422","1045098","12.948450767296464","因去年下半年及今年新承接之數個大型專案，依專案時程於本期有較大幅進度認列，致營收較同期為高。"
"114/02/21","106/11","5210","寶碩","資訊服務業","32278","26323","36460","22.622801352429434","-11.470104223806912","240629","269212","-10.61728303344576","-"
"114/02/21","106/11","5211","蒙恬","資訊服務業","20037","20220","22277","-0.9050445103857567","-10.055213897742066","234280","245629","-4.620382772392511","-"
"114/02/21","106/11","5212","凌網","資訊服務業","65789","55959","71097","17.56643256670062","-7.46585650590039","587881","563718","4.286363039675867","-"
"114/02/21","106/11","5213","亞昕","建材營造","49178","40142","1518433","22.510089183398932","-96.7612663844898","499579","3230582","-84.53594429734332","去年同期出售素地及餘屋出售較多"
"114/02/21","106/11","5220","萬達光電","光電業","98668","98969","85136","-0.30413563843223634","15.894568690095847","1156675","944788","22.42693598987286","-"
"114/02/21","106/11","5223","安力-KY","電腦及週邊設備業","141741","122316","170644","15.880996762484058","-16.937601087644452","1269645","1223966","3.732048112447568","-"
"114/02/21","106/11","5227","立凱-KY","電子零組件業","92250","57012","112734","61.80804041254473","-18.170205971579115","721378","1224799","-41.102335975127346","-"
"114/02/21","106/11","5228","鈺鎧","電子零組件業","44507","42217","45726","5.424355117606652","-2.6658793684118445","488335","517114","-5.565310550478231","-"
"114/02/21","106/11","5230","雷笛克光學","光電業","108132","105041","120353","2.9426604849534943","-10.15429611226974","1132880","1206242","-6.08186416987636","-"
"114/02/21","106/11","5236","凌陽創新","半導體業","61888","56997","68320","8.581153394038283","-9.414519906323186","650714","663600","-1.9418324291742013","-"
"114/02/21","106/11","5245","智晶","光電業","180539","207203","141279","-12.868539548172565","27.788984916371152","1847103","1527424","20.929290098885442","-"
"114/02/21","106/11","5251","天鉞電","光電業","14677","23324","88048","-37.073400788886985","-83.33068326367436","323636","598080","-45.887506688068484","主係去年同期因年度專案性客戶一次集中出貨，故本月營收較去年同期下滑。"
"114/02/21","106/11","5263","智崴","文化創意業","142324","111370","98312","27.79384035197989","44.767678411587596","1295291","756923","71.12586088677448","因7-8月增加新訂單，本月依工程進度認列營收，致2017年11月營收較去年同期增加。"
"114/02/21","106/11","5272","笙科","半導體業","73556","70416","75804","4.459213815042036","-2.965542715423988","792198","673534","17.618115789254887","-"
"114/02/21","106/11","5274","信驊","半導體業","170281","152618","137845","11.573339973004495","23.53077732235482","1721731","1239535","38.901362204375026","-"
"114/02/21","106/11","5276","達輝-KY","其他","59462","62450","86101","-4.784627702161729","-30.93924576950326","709286","851201","-16.672325337963652","-"
"114/02/21","106/11","5278","尚凡*","數位雲端","49096","45350","27453","8.260198456449835","78.83655702473318","434420","301906","43.89246984160633","因「愛情公寓iPair」交友APP新推出之「直播聊天功能」大受好評，使各主播收禮分潤收入屢創新高，故本月營收較去年同期大幅成長"
"114/02/21","106/11","5287","數字","數位雲端","112828","116541","114782","-3.1860032091710213","-1.7023575125019603","1357949","1302982","4.218554055236373","-"
"114/02/21","106/11","5289","宜鼎","電腦及週邊設備業","716365","613594","441315","16.749022969585752","62.32509658633855","6034328","4229255","42.68063760638694","本月營收較去年同期增加係因出貨量增加所致"
"114/02/21","106/11","5291","邑昇","電子零組件業","74477","65462","83611","13.77134826311448","-10.92439989953475","900714","968502","-6.999262779013363","-"
"114/02/21","106/11","5299","杰力","半導體業","106335","112122","65671","-5.1613421094878795","61.920786953145225","935825","556434","68.18256972075754","本月及本年營收較去年同期增加主要係因出貨增加所致"
"114/02/21","106/11","5301","寶得利","觀光餐旅","63348","66984","43009","-5.428161949122178","47.29010207165942","540320","1439551","-62.46607449128235","本期營收較同期增加 &#8218;主要係將市場轉向海外投資 &#8218;擴展國際市場 &#8218;其中大陸廈門市場逐漸發酵中。"
"114/02/21","106/11","5302","太欣","半導體業","8865","7309","23052","21.288822000273637","-61.543466944299844","101083","170627","-40.75791052998646","本月營收較去年同期減少，因大陸地區行車紀錄器前裝市場及航模市場需求減緩，另因對手降價競爭，致本月營收減少。"
"114/02/21","106/11","5309","系統電","電子零組件業","127424","135475","163501","-5.942793873408378","-22.06530846906135","1401773","2000288","-29.92144131245101","-"
"114/02/21","106/11","5310","天剛","資訊服務業","34496","24885","9974","38.621659634317865","245.8592340084219","330993","276565","19.68000289262922","主要係去年度出售有價證券淨損失認列為收入減項,今年度淨損失認列為成本"
"114/02/21","106/11","5312","寶島科","生技醫療業","227105","238673","213254","-4.846798758133513","6.495071604753018","2623678","2469639","6.237308367741196","-"
"114/02/21","106/11","5314","世紀","半導體業","19649","19064","11212","3.0686109945446916","75.24973242953978","159123","156075","1.9529072561268621","11月單月營收較去年同期增加，主要係因技術服務收入及系統模組產品收入增加所致"
"114/02/21","106/11","5315","光聯","光電業","102088","116518","200463","-12.384352632211332","-49.073893935539225","1705944","2415477","-29.37444653788879","-"
"114/02/21","106/11","5321","美而快","數位雲端","65200","59220","86385","10.097939885173927","-24.523933553278926","729644","877052","-16.807213255314394","-"
"114/02/21","106/11","5324","士開","建材營造","69186","63557","11811","8.856616895070566","485.7759715519431","787469","806686","-2.3822156328484687","105年12月新增子公司-群欣營收"
"114/02/21","106/11","5328","華容","電子零組件業","76415","65050","83369","17.47117601844735","-8.341229953579868","798283","950200","-15.987897284782152","-"
"114/02/21","106/11","5340","建榮","電子零組件業","136988","133537","113009","2.5843024779649086","21.21866400021237","1414318","1071253","32.02464777228162","-"
"114/02/21","106/11","5344","立衛","半導體業","19155","17764","14989","7.8304435937851835","27.793715391286945","193815","143029","35.50748449615113","-"
"114/02/21","106/11","5345","天揚","其他","3711","2191","9360","69.37471474212688","-60.3525641025641","70102","107023","-34.498191977425414","除大陸孫公司9月結束銷售外,本公司逐步轉型為方案設計開發公司,產品線調整."
"114/02/21","106/11","5347","世界","半導體業","2066511","2086125","2165964","-0.9402121157648751","-4.591627561676925","22687237","23648998","-4.066815008399088","-"
"114/02/21","106/11","5348","正能量智能","通信網路業","12625","12091","18130","4.416508146555289","-30.36403750689465","90766","131921","-31.19670105593499","-"
"114/02/21","106/11","5351","鈺創","半導體業","536115","532471","525367","0.6843565189465718","2.045807978042016","5626289","5939592","-5.274823590576592","-"
"114/02/21","106/11","5353","台林","通信網路業","117334","100064","91513","17.25895426926767","28.215663348376733","1171189","1070271","9.429200641706633","-"
"114/02/21","106/11","5355","佳總","電子零組件業","102441","85491","108930","19.82664841913184","-5.957036629027816","1042443","1087504","-4.143524989333373","-"
"114/02/21","106/11","5356","協益","電腦及週邊設備業","844611","743774","857199","13.557478481366651","-1.4685038130002486","8720022","8948382","-2.551969730393718","-"
"114/02/21","106/11","5364","力麗店","觀光餐旅","40588","37042","46131","9.572917229091301","-12.015781145000108","413017","469763","-12.079708278429761","-"
"114/02/21","106/11","5371","中光電","光電業","5144940","4792778","5003929","7.347763656067525","2.8180056111907263","47988172","51957276","-7.639168766276354","-"
"114/02/21","106/11","5381","合正","電子零組件業","35856","41791","35427","-14.2016223588811","1.2109408078584132","368924","392527","-6.0130895454325435","-"
"114/02/21","106/11","5386","青雲","電腦及週邊設備業","350963","194070","219341","80.84351007368475","60.0079328534109","2962746","1365478","116.97500801916985","主要係記憶體產品銷售增加所致"
"114/02/21","106/11","5392","能率","光電業","1122117","749849","688952","49.64572867337291","62.87303034173643","7735469","7048347","9.748697105860424","增加新事業"
"114/02/21","106/11","5398","慕康生醫","其他","48620","32608","61506","49.1045142296369","-20.95080154781647","509800","277767","83.53512116270112","本年累計較去年累計增加83.54%，主係本年累計新增醫療生技部門之營收所致。"
"114/02/21","106/11","5403","中菲","資訊服務業","135551","137048","163781","-1.0923180199638083","-17.23643157631227","1397381","1346988","3.74116176239135","-"
"114/02/21","106/11","5410","國眾","資訊服務業","258393","165822","231314","55.825523754387234","11.706597957754395","2484579","2283854","8.788871793030554","-"
"114/02/21","106/11","5425","台半","半導體業","849611","766711","787614","10.812418238423604","7.871495427963444","8222797","7932438","3.6604004972998214","-"
"114/02/21","106/11","5426","振發","電腦及週邊設備業","119295","121073","116735","-1.4685355116334773","2.19300124212961","1540637","1626400","-5.273180029513035","-"
"114/02/21","106/11","5432","新門","綠能環保","6195","6821","6008","-9.177539950153937","3.1125166444740344","79080","100249","-21.116420113916348","-"
"114/02/21","106/11","5438","東友","電腦及週邊設備業","203941","156940","218618","29.948387918949916","-6.7135368542389005","2108991","2214118","-4.748030592768768","-"
"114/02/21","106/11","5439","高技","電子零組件業","154799","156478","176120","-1.0729942867367936","-12.10595048830343","1913493","1809746","5.732682928985614","-"
"114/02/21","106/11","5443","均豪","光電業","473783","414072","294797","14.420438957475994","60.71500049186389","4429371","3308574","33.87553066668601","本公司受惠於面板客戶拓展生產線設備需求增加，故單月營收較去年同期大幅成長"
"114/02/21","106/11","5450","南良","其他","67402","62470","54098","7.894989595005603","24.59240637361825","639631","700014","-8.625970337736103","-"
"114/02/21","106/11","5452","佶優","其他電子業","529727","542618","436070","-2.375704455067838","21.477515077854473","5692059","4832699","17.782195828873267","-"
"114/02/21","106/11","5455","昇益","建材營造","7085","5500","6383","28.818181818181817","10.9979633401222","70034","82170","-14.769380552513082","-"
"114/02/21","106/11","5457","宣德","電子零組件業","266635","260595","232331","2.31777278919396","14.765141113325384","2736527","2584372","5.8875038113708085","-"
"114/02/21","106/11","5460","同協","電子零組件業","73653","73078","63510","0.7868305098661704","15.970713273500236","779697","725776","7.429427261303763","-"
"114/02/21","106/11","5464","霖宏","電子零組件業","155732","115217","149356","35.16408168933404","4.268994884705","1470863","1336228","10.075750545565578","-"
"114/02/21","106/11","5465","富驊","電腦及週邊設備業","149560","195206","140875","-23.383502556273886","6.165039929015085","1579913","1859949","-15.056111753601845","-"
"114/02/21","106/11","5468","凱鈺","半導體業","11970","12020","13650","-0.415973377703827","-12.307692307692308","137942","173251","-20.380257545410995","-"
"114/02/21","106/11","5474","聰泰","電腦及週邊設備業","118767","89176","87624","33.18269489548757","35.54163242947138","811880","965372","-15.899777495100334","-"
"114/02/21","106/11","5475","德宏","電子零組件業","246617","243182","237626","1.4125223083945357","3.783676870376137","2331952","1927127","21.006659135594074","-"
"114/02/21","106/11","5478","智冠","文化創意業","1250418","1233324","1192189","1.386010488728023","4.884208795753023","14357946","14166595","1.3507197742294461","-"
"114/02/21","106/11","5481","新華","其他","290","290","107","0.0","171.02803738317758","2770","17490","-84.16237850200115","衰退原因係本公司正轉型中，之前以生產銅箔基板為主，現以出租廠房收取租金收入為主。目前正積極開發新事業，以期未來增加營收。"
"114/02/21","106/11","5483","中美晶","半導體業","5321626","5301926","2761034","0.37156308858328085","92.74032844217058","53987414","26878731","100.85551657926112","Sun Edison Semi自105年12月併入合併營收個體"
"114/02/21","106/11","5487","通泰","半導體業","33360","32085","35956","3.973819541841982","-7.2199354766937365","367239","353383","3.9209582803926617","-"
"114/02/21","106/11","5488","松普","電子零組件業","168855","118260","159483","42.78285134449518","5.876488403152687","1540069","1514235","1.7060760053756516","-"
"114/02/21","106/11","5489","彩富","其他電子業","206426","212546","203530","-2.8793766996320795","1.422886061022945","2029627","1775298","14.325989214205164","-"
"114/02/21","106/11","5490","同亨","電腦及週邊設備業","95903","93940","255532","2.0896316797956143","-62.469279777092495","1545315","2218027","-30.3292971636504","本月營收減少，係因主要客戶出貨量減少所致。"
"114/02/21","106/11","5493","三聯","其他電子業","194951","191007","195890","2.0648457909919533","-0.47935065598039717","1986996","1909535","4.056537324531889","-"
"114/02/21","106/11","5498","凱崴","電子零組件業","111590","96277","75795","15.90514868556353","47.2260703212613","937625","729978","28.445651786766177","-"
"114/02/21","106/11","5508","永信建","建材營造","303861","96174","69751","215.94921704410754","335.63676506430016","2674721","1508923","77.26027106750973","本公司「R5新世界」銷售情形良好，以致本年及本月銷售金額較105年高。"
"114/02/21","106/11","5511","德昌","建材營造","386021","363977","789203","6.056426642342785","-51.08723611035437","3439512","4743372","-27.488040153713435","本月營收較去年減少原因：因去年同期認列勞務收入427,800仟元。"
"114/02/21","106/11","5512","力麒","建材營造","419606","267839","338483","56.66351800895314","23.966639388093345","5363796","2291697","134.05345471063583","建設部門房地收入增加"
"114/02/21","106/11","5514","三豐","建材營造","463","476","1032","-2.73109243697479","-55.13565891472868","5051","5877","-14.054789858771482","本月營收僅認列租金收入，致使本月營收較去年同期減少"
"114/02/21","106/11","5516","雙喜","建材營造","102686","55656","79114","84.50122179100187","29.79497939681978","642221","506135","26.88729291592164","-"
"114/02/21","106/11","5520","力泰","建材營造","128081","137981","182380","-7.174900892151818","-29.772453119859634","1691014","1858526","-9.013164195712086","-"
"114/02/21","106/11","5523","豐謙","建材營造","182106","148436","299","22.68317658788973","60805.01672240803","1286547","127913","905.7984723992089","11月累計營收較去年同期累計營收增加50%以上原因，係來自認列時代菁英及菁英匯個案待售房地及餘屋租賃及容移土地所致。"
"114/02/21","106/11","5529","鉅陞","建材營造","8573","22876","2414","-62.52404266480154","255.1367025683513","275475","122522","124.83717209970455","差異說明：因本期認列子公司營收增加所致。"
"114/02/21","106/11","5530","龍巖","其他","507400","501017","266503","1.2740086663725982","90.39185299977862","4614017","3249226","42.00357254312258","本月營收較去年同期增加,係本期受惠於塔墓完款完工挹注營收所致"
"114/02/21","106/11","5536","聖暉*","其他電子業","1148728","715126","737571","60.63295139597777","55.74473508313098","10280775","7753963","32.5873621011604","單月營收較去年同期增加55.74%，主係冠禮、朋億及豐澤單月營收增加新台幣3.1億元、1.8億元及0.46億元所致。"
"114/02/21","106/11","5543","桓鼎-KY","建材營造","83277","88966","69034","-6.394577703841917","20.631862560477447","855041","935250","-8.576209569633788","-"
"114/02/21","106/11","5601","台聯櫃","航運業","6634","6441","6611","2.9964291259121256","0.3479050068068371","72637","70495","3.038513369742535","-"
"114/02/21","106/11","5603","陸海","航運業","165193","159338","164202","3.674578568828528","0.6035249266147794","1767267","1739046","1.6227862862741986","-"
"114/02/21","106/11","5604","中連","其他","97883","88103","116210","11.100643564918334","-15.770587729111092","1043276","1197988","-12.914319675990077","-"
"114/02/21","106/11","5609","中菲行","航運業","1526310","1433236","1380273","6.493975869989311","10.580298245347116","15842694","14400510","10.014811975409204","-"
"114/02/21","106/11","5701","劍湖山","觀光餐旅","43433","49095","98333","-11.532742641816885","-55.83069773117875","1029167","1292491","-20.373372038954237","主係本公司對耐斯廣場股份有限公司之持股變動，自106/9/20起對該公司喪失控制能力，該公司營收自106年9月起不再併入本公司。"
"114/02/21","106/11","5703","亞都麗緻","觀光餐旅","80673","74246","84538","8.656358591708644","-4.571908490856183","804753","869689","-7.4665771327451536","-"
"114/02/21","106/11","5704","老爺知","觀光餐旅","27405","25269","17831","8.453045233289801","53.69300656160619","260398","253555","2.698822740628266","本月住房率81.92%，較去年同期增加23.64%所致。"
"114/02/21","106/11","5864","致和證","金融業","39435","-18794","9310","309.8276045546451","323.57679914070894","328309","372937","-11.966632433896342","手續費收入及評價收入之故"
"114/02/21","106/11","5878","台名","金融業","48148","59718","50431","-19.374392980340936","-4.526977454343559","591335","640835","-7.724297205989061","-"
"114/02/21","106/11","5902","德記","居家生活","171577","161889","160006","5.984347299693","7.231603814856943","1641653","1838143","-10.689592703070435","-"
"114/02/21","106/11","5903","全家","居家生活","5195527","5536208","4883639","-6.153688589735068","6.386385234453242","58947384","55465959","6.276687652691627","-"
"114/02/21","106/11","5904","寶雅","居家生活","1008256","1147925","949737","-12.167084086503909","6.161600527303874","12036149","11271075","6.787941700325834","-"
"114/02/21","106/11","5905","南仁湖","觀光餐旅","117783","130632","112335","-9.836027925776227","4.849779676859394","1515985","1529227","-0.8659276876487271","-"
"114/02/21","106/11","6015","宏遠證","金融業","69334","59583","7648","16.365406240034908","806.5638075313808","857902","464612","84.64912658304134","本月及本期因經紀手續費、部位操作及評價損益均較去年同期增加所致。"
"114/02/21","106/11","6016","康和證","金融業","315319","241557","124423","30.536063951779497","153.4250098454466","2677126","1529672","75.01307469836671","本月及本年增減達50%，主係營業證券出售及評價利益較去年同期增加。"
"114/02/21","106/11","6020","大展證","金融業","36375","49708","-4228","-26.82264424237547","960.3358561967833","392972","119520","228.79183400267738","自營部門營業證券出售淨利益本月及本年累積去年同期增加"
"114/02/21","106/11","6021","美好證","金融業","65415","66631","30877","-1.8249763623538593","111.85672183178417","585815","311847","87.85333833578646","本月營業證券出售及評價較去年同期回升約6,177仟元;利息及股利收入增加約4,254仟元;經紀及承銷收入增加約24,136仟元"
"114/02/21","106/11","6023","元大期貨","金融業","266591","202906","289264","31.386454811587633","-7.838168593395652","2632458","2736583","-3.804927531889221","-"
"114/02/21","106/11","6026","福邦證","金融業","82479","40449","7604","103.90862567677817","984.6791162546028","836060","348900","139.6274004012611","本期出售股票獲利及其評價利益大於同期."
"114/02/21","106/11","6101","寬魚國際","文化創意業","21717","1802","2325","1105.1609322974473","834.0645161290323","78653","117853","-33.26177526240316","主要係因本年度收入型態改變，本月營收較去年同期增加。"
"114/02/21","106/11","6103","合邦","半導體業","152131","154408","161740","-1.474664525154137","-5.941016446148139","1693731","1206320","40.40478480005305","-"
"114/02/21","106/11","6104","創惟","半導體業","165436","142742","135980","15.898614283112188","21.662009118988088","1626534","1621091","0.3357615334364326","-"
"114/02/21","106/11","6109","亞元","通信網路業","90000","85335","119069","5.4666901037089115","-24.41357532187219","1152745","1326401","-13.092269984718046","-"
"114/02/21","106/11","6111","大宇資","文化創意業","46116","46774","73280","-1.4067644417838971","-37.06877729257642","739276","661011","11.840196305356491","-"
"114/02/21","106/11","6113","亞矽","電子通路業","116131","115369","127691","0.6604893862302699","-9.053104760711404","1150511","1399987","-17.819879756026307","-"
"114/02/21","106/11","6114","久威","電子零組件業","211728","173583","313591","21.9750782046629","-32.48275620154915","2758555","2022199","36.41362694769407","-"
"114/02/21","106/11","6118","建達","電子通路業","574115","519815","536747","10.44602406625434","6.9619392376669085","5733207","6046789","-5.1859259517737435","-"
"114/02/21","106/11","6121","新普","電腦及週邊設備業","6307611","5751353","5801065","9.671776362883655","8.731948357758446","52165331","52894708","-1.3789224434323373","-"
"114/02/21","106/11","6122","擎邦","電機機械","236266","256961","122189","-8.053751347480747","93.36110451841","1981145","951363","108.24280532246893","主要為本月工程施工投入及產出較多及美國擎邦子公司挹注營收，致使本月份營收增減百分比達50%以上。"
"114/02/21","106/11","6123","上奇","資訊服務業","358631","339072","507865","5.768391374103436","-29.38458054798027","3866630","4859650","-20.433981871122405","-"
"114/02/21","106/11","6124","業強","電子零組件業","186715","167656","200855","11.367920026721382","-7.039904408653008","1979883","1893736","4.5490501315917315","-"
"114/02/21","106/11","6125","廣運","光電業","965500","859580","707405","12.32229693571279","36.48475767064129","7869940","8890848","-11.482684216398706","-"
"114/02/21","106/11","6126","信音","電子零組件業","261665","220486","277182","18.67646925428372","-5.598126862494679","2809439","2669880","5.227163767659969","-"
"114/02/21","106/11","6127","九豪","電子零組件業","86162","82961","82382","3.858439507720495","4.588380957005171","975112","994722","-1.9714050759910808","以上資訊係屬初步自行結算完成，未經會計師簽證或核閱"
"114/02/21","106/11","6129","普誠","半導體業","82218","99460","101740","-17.335612306454856","-19.18812659720857","1025856","1195440","-14.185906444489058","-"
"114/02/21","106/11","6130","上亞科技","生技醫療業","6363","7709","9799","-17.460111557919316","-35.064802530870494","79769","168411","-52.634329111518845","因子公司豪潤於105年5月結束營業及醫美產業競爭所致"
"114/02/21","106/11","6134","萬旭","電子零組件業","160311","140507","110350","14.09467143985709","45.275033982782055","1505821","1302140","15.64202005928702","-"
"114/02/21","106/11","6138","茂達","半導體業","372695","388512","375115","-4.071174120747879","-0.64513549178252","3868603","3388744","14.160379184736291","-"
"114/02/21","106/11","6140","訊達電腦","資訊服務業","163448","197178","138107","-17.106370893304526","18.3488164973535","1657342","1351322","22.645971870509026","-"
"114/02/21","106/11","6143","振曜","通信網路業","659547","617501","721551","6.809057799096681","-8.593155577360436","6684394","5354768","24.83069294505383","-"
"114/02/21","106/11","6144","得利影","文化創意業","51691","53085","54075","-2.625977206367147","-4.408691631992603","554262","641133","-13.549606711867897","-"
"114/02/21","106/11","6146","耕興","其他電子業","246103","263135","222430","-6.472723126912041","10.642898889538282","2767638","2600877","6.411721892269416","-"
"114/02/21","106/11","6147","頎邦","半導體業","1639034","1683276","1625043","-2.628327143023485","0.8609618330099573","16873598","15626979","7.977351220603803","-"
"114/02/21","106/11","6148","驊宏資","資訊服務業","18267","29030","384897","-37.07543920082673","-95.25405498094295","3964940","5076027","-21.888910362375928","106.09.28處分海外子公司，海外營收不再列入合併營收"
"114/02/21","106/11","6150","撼訊","電腦及週邊設備業","355756","403255","201676","-11.778899207697362","76.39976992800334","3623210","2280632","58.86868201445915","市場需求增加"
"114/02/21","106/11","6151","晉倫","其他電子業","180314","157768","173365","14.290603924750267","4.008306174833444","1740687","1696935","2.5782955740791484","-"
"114/02/21","106/11","6154","順發","電子通路業","308569","340758","325593","-9.4462932638412","-5.228613637271072","4083151","4421778","-7.658163752228176","-"
"114/02/21","106/11","6156","松上","電子零組件業","390715","298781","417424","30.769694190728327","-6.3985300318141745","4119912","3896134","5.743590954520558","-"
"114/02/21","106/11","6158","禾昌","電子零組件業","139367","125270","162382","11.253292887363296","-14.17336896946706","1509990","1777763","-15.062356455838039","-"
"114/02/21","106/11","6160","欣技","電腦及週邊設備業","123237","140225","102162","-12.114815475129257","20.629000998414284","1096891","1180063","-7.048098279498637","-"
"114/02/21","106/11","6161","捷波","電腦及週邊設備業","98099","121929","110256","-19.544160946124382","-11.02615730663184","1239589","1091117","13.60734000111812","-"
"114/02/21","106/11","6163","華電網","通信網路業","330130","202670","356174","62.89041298662851","-7.312156417930562","3236708","2750724","17.66749408519357","-"
"114/02/21","106/11","6167","久正","光電業","179752","160821","182129","11.771472631061863","-1.3051188992417462","1963215","1861651","5.455587540306964","-"
"114/02/21","106/11","6169","昱泉","文化創意業","57403","40000","26901","43.5075","113.38611947511245","448931","216363","107.48972791096445","主係營運平台合作收入增加"
"114/02/21","106/11","6170","統振","通信網路業","281236","266310","269192","5.604746348240772","4.474129989004131","2788262","3069543","-9.163611651636742","-"
"114/02/21","106/11","6171","大城地產","建材營造","41886","36505","14","14.74044651417614","299085.71428571426","514042","176901","190.58173780815258","本月及本年累計營收較去年增加，係因完工個案陸續認列收入所致。"
"114/02/21","106/11","6173","信昌電","電子零組件業","283565","266142","236086","6.54650524907756","20.110891793668408","2895010","2457414","17.807174533879923","-"
"114/02/21","106/11","6174","安碁","電子零組件業","46323","45759","46044","1.232544417491641","0.6059421422986708","515503","514858","0.12527726091465996","-"
"114/02/21","106/11","6175","立敦","電子零組件業","260085","271036","200026","-4.040422674478667","30.025596672432584","2580300","2058525","25.347032462564215","-"
"114/02/21","106/11","6179","亞通","其他","160320","158535","267829","1.1259343362664396","-40.14091080502858","2085968","2107158","-1.0056198918163706","-"
"114/02/21","106/11","6180","橘子","文化創意業","540439","502355","697652","7.581093051726369","-22.534587444743224","6815075","7672806","-11.178843828450765","-"
"114/02/21","106/11","6182","合晶","半導體業","543590","546293","423143","-0.49478942618704613","28.464845217810527","5811701","4986118","16.557630605613426","-"
"114/02/21","106/11","6185","幃翔","電子零組件業","126705","125122","124844","1.2651651987660044","1.4906603441094486","1189642","1176410","1.1247779260631923","-"
"114/02/21","106/11","6186","新潤","建材營造","267689","128777","397283","107.8701942116993","-32.62007183795934","1010853","2188887","-53.818858625410996","認列建案營收"
"114/02/21","106/11","6187","萬潤","其他電子業","164675","146594","119008","12.334065514277528","38.37305055122345","1769454","1997318","-11.408498796886626","-"
"114/02/21","106/11","6188","廣明","電腦及週邊設備業","745584","584965","760512","27.457882095509987","-1.9628881595556678","6836605","6911060","-1.0773311185259569","-"
"114/02/21","106/11","6190","萬泰科","通信網路業","406172","383374","349484","5.946673483334812","16.22048505797118","4002530","3613702","10.759824689473565","-"
"114/02/21","106/11","6194","育富","電子零組件業","94423","94091","62958","0.35284990062811533","49.97776295307983","799335","456310","75.17367579058096","本公司因調整產品結構與客戶組合，使銷貨數量及平均單價皆有增加，以致營業收入上升"
"114/02/21","106/11","6195","詩肯","居家生活","150852","145981","140144","3.336735602578418","7.640712410092476","1620661","1449670","11.795167175977982","-"
"114/02/21","106/11","6198","瑞築","建材營造","2772","3915","6329","-29.195402298850574","-56.20161162900932","47457","43023","10.30611533365874","因晶圓廠產能滿載，部分產品缺貨，來不急供應客戶所需，故使本期營收下降。"
"114/02/21","106/11","6199","天品","其他","16863","14367","6948","17.37314679473794","142.70293609671847","96580","60852","58.71294287780188","本期較上期增加電子材料代理1,061仟元，電子材料產銷9,211仟元；減少租賃收入320仟元"
"114/02/21","106/11","6203","海韻電","電子零組件業","169891","184952","156850","-8.143193909771185","8.314313037934332","1552457","1542163","0.6675040187061938","-"
"114/02/21","106/11","6204","艾華","電子零組件業","50565","51165","50123","-1.1726766344180592","0.8818306964866428","571866","566086","1.021046272121197","-"
"114/02/21","106/11","6207","雷科","電子零組件業","148559","158852","171067","-6.479616246569133","-13.157417853823356","2116948","1693254","25.02247152524075","-"
"114/02/21","106/11","6208","日揚","電子零組件業","182865","165588","91422","10.433727081672584","100.02297040099756","1489362","1205640","23.532895391659203","客戶延單，以致營收增加"
"114/02/21","106/11","6210","慶生","電子零組件業","63183","61829","82164","2.1899108832424914","-23.101358259091572","787190","761950","3.3125533171467945","-"
"114/02/21","106/11","6212","理銘","建材營造","70392","30334","136474","132.05643832003693","-48.42094464879757","1304316","2264787","-42.40888878291866","-"
"114/02/21","106/11","6217","中探針","電子零組件業","176577","139467","203150","26.608445008496634","-13.080482402165888","1711953","1700873","0.6514301773265846","無"
"114/02/21","106/11","6218","豪勉","通信網路業","204813","89743","59439","128.2216997425983","244.57679301468733","1181571","1019763","15.86721620611848","本月營收較去年同期增加,主要係較多機台設備及專案工程同時完成驗收所致。"
"114/02/21","106/11","6219","富旺","建材營造","108701","24409","328682","345.33163996886395","-66.92821633067828","977341","1075536","-9.129866410794246","去年同期處分土地，相較之下產生較大波動。"
"114/02/21","106/11","6220","岳豐","電子零組件業","1205478","1040039","785837","15.906999641359603","53.40051435603058","10934871","6266754","74.49019061542866","主要係增加子公司MONOPRICE營業收入"
"114/02/21","106/11","6221","晉泰","資訊服務業","174525","212609","186314","-17.91269419450729","-6.327490151035349","2002056","1700002","17.767861449574767","-"
"114/02/21","106/11","6222","立軒","光電業","152","1001","3311","-84.81518481518482","-95.40924192086983","47792","159114","-69.96367384391066","客戶訂單減少"
"114/02/21","106/11","6223","旺矽","半導體業","436725","377439","422767","15.707438817928194","3.30158219539368","4107499","4529089","-9.308494489730716","-"
"114/02/21","106/11","6227","茂綸","電子通路業","541455","521403","513108","3.845777642246017","5.524567927220001","5672719","7395037","-23.29018772995997","-"
"114/02/21","106/11","6228","全譜","電腦及週邊設備業","14007","22577","8149","-37.9589848075475","71.88612099644128","109022","87381","24.766253533376823","依客戶訂單出貨"
"114/02/21","106/11","6229","研通","半導體業","151471","169712","88266","-10.748208730083906","71.60741395327759","1568130","1126003","39.265170696703294","自今年六月起合併營收增加100%投資孫公司珍氏科技有限公司營業收入，致使業績大幅成長。"
"114/02/21","106/11","6231","系微","資訊服務業","55290","79383","54824","-30.35032689618684","0.8499927039252881","713190","642153","11.06231692447127","-"
"114/02/21","106/11","6233","旺玖","半導體業","39310","32516","40134","20.894328945749784","-2.0531220411621067","386024","434288","-11.113362561249678","-"
"114/02/21","106/11","6234","高僑","光電業","70396","70102","45018","0.4193888904738809","56.37300635301435","750691","721048","4.111099399762568","業績成長"
"114/02/21","106/11","6236","中湛","其他","13028","9932","7963","31.17196939186468","63.60668089915861","152380","124074","22.81380466495801","本月增減百分比達50%以上，主要係因子公司營收增加。"
"114/02/21","106/11","6237","驊訊","半導體業","34473","34057","34001","1.2214816337316852","1.3881944648686804","320243","364615","-12.169548702055593","-"
"114/02/21","106/11","6240","松崗","其他","20426","8785","22222","132.50996015936255","-8.082080820808208","164356","170362","-3.525434075674153","-"
"114/02/21","106/11","6241","易通展","通信網路業","5118","7501","15754","-31.769097453672842","-67.51301256823663","105024","136622","-23.128046727467026","客戶訂單較去年同期減少"
"114/02/21","106/11","6242","立康","生技醫療業","53032","49195","46342","7.799573127350341","14.436148634068447","454630","411273","10.54214597116757","-"
"114/02/21","106/11","6244","茂迪","光電業","2055525","2099274","1935030","-2.084006184995384","6.227035239763724","21089705","27032369","-21.98351169296335","-"
"114/02/21","106/11","6245","立端","通信網路業","499302","622147","480244","-19.745333498353283","3.968399396973205","5675358","5290295","7.2786678247621355","-"
"114/02/21","106/11","6246","臺龍","光電業","103645","94736","80064","9.404028035804762","29.452687849720224","935837","805669","16.156510924461536","-"
"114/02/21","106/11","6248","沛波","鋼鐵工業","165624","114459","178776","44.701596204754544","-7.3566921734461","1476945","1590019","-7.111487347006546","-"
"114/02/21","106/11","6259","百徽","電子零組件業","24296","23882","32826","1.7335231555146136","-25.985499299335892","264509","414302","-36.15550974892711","兩期同月差異主係電視機及電感業務減少所致"
"114/02/21","106/11","6261","久元","半導體業","321782","313077","299585","2.780466147305615","7.4092494617554285","3309050","3355523","-1.3849703906067699","-"
"114/02/21","106/11","6263","普萊德","通信網路業","133338","120193","116028","10.93657700531645","14.918812700382666","1247351","1155917","7.910083509456129","-"
"114/02/21","106/11","6264","富裔","建材營造","2545","2054","28943","23.904576436222005","-91.2068548526414","266740","164172","62.475939867943374","無建案交屋"
"114/02/21","106/11","6265","方方土昶","電子通路業","271974","361844","602623","-24.836669946164644","-54.86830074524205","3985424","7710229","-48.30991401163312","因目前中國區手機巿場品牌靠攏，需求趨勢弱，使營收較去年同期大幅減少，目前公司已進行擴展開發新產品線，以因應此營收下降狀況"
"114/02/21","106/11","6266","泰詠","電子零組件業","257405","166719","210810","54.3945201206821","22.10284142118495","2155666","2088869","3.197759170153801","-"
"114/02/21","106/11","6270","倍微","電子通路業","256121","242777","215166","5.496402047969948","19.034141081769423","2471925","2128933","16.110981416512402","-"
"114/02/21","106/11","6274","台燿","電子零組件業","1444946","1343151","1225664","7.578820251781073","17.890873844707848","14647950","12212368","19.943568683813","-"
"114/02/21","106/11","6275","元山","電子零組件業","170552","162872","190842","4.715359300555037","-10.631831567474665","2261096","2117927","6.75986471677258","-"
"114/02/21","106/11","6276","安鈦克","電腦及週邊設備業","51488","87396","79859","-41.0865485834592","-35.526365218697954","707808","1014106","-30.203745959495357","-"
"114/02/21","106/11","6279","胡連","電子零組件業","433512","365208","436963","18.702766642570808","-0.7897693855086129","3629786","3534886","2.6846693217263584","-"
"114/02/21","106/11","6284","佳邦","電子零組件業","375856","328115","275235","14.550081526294134","36.55821388994859","3396692","2807757","20.975283829761622","-"
"114/02/21","106/11","6287","元隆","半導體業","120014","124698","95365","-3.756275160788465","25.847008860693126","1192990","1083913","10.06326153482798","-"
"114/02/21","106/11","6290","良維","電子零組件業","539740","579862","571046","-6.9192325070447795","-5.482220346521997","5766036","6238897","-7.579240368930598","-"
"114/02/21","106/11","6291","沛亨","半導體業","12216","15553","17865","-21.455667716839194","-31.62048698572628","180648","215177","-16.046789387341583","-"
"114/02/21","106/11","6292","迅德","電子零組件業","123205","122909","127504","0.2408285804945122","-3.371658928347346","1294879","1315092","-1.5370027344094557","-"
"114/02/21","106/11","6294","智基","文化創意業","65629","63305","60579","3.6711160255903956","8.336222123177999","715093","699368","2.248458608343533","-"
"114/02/21","106/11","6411","晶焱","半導體業","263790","251031","230637","5.082639195955878","14.37453660947723","2472426","2211431","11.802086522256403","-"
"114/02/21","106/11","6417","韋僑","通信網路業","77121","78225","95300","-1.411313518696069","-19.07555089192025","812264","869048","-6.534046450828953","-"
"114/02/21","106/11","6418","詠昇","電子零組件業","87131","76576","74116","13.783692018386962","17.560310864050948","903905","902030","0.207864483442901","-"
"114/02/21","106/11","6419","京晨科","光電業","22835","17902","27539","27.555580382080215","-17.08123025527434","236286","315804","-25.17954174107991","-"
"114/02/21","106/11","6425","易發","電機機械","241035","249792","59205","-3.505716756341276","307.11933113757283","1545804","1187506","30.172310708324844","因客戶擴廠計劃順利執行，故使本公司接單銷貨狀況較去年增加"
"114/02/21","106/11","6432","今展科","電子零組件業","84799","61524","76931","37.83076522982901","10.22734658330192","772846","874391","-11.613225662203751","-"
"114/02/21","106/11","6435","大中","半導體業","173774","182543","146904","-4.803799652684573","18.290856613843054","1752977","1379214","27.09971041477247","-"
"114/02/21","106/11","6441","廣錠","電腦及週邊設備業","72870","262016","106801","-72.18872129946263","-31.770301776200597","1300319","1016212","27.957453759648576","-"
"114/02/21","106/11","6461","益得","生技醫療業","1857","1200","1368","54.75","35.74561403508772","14946","8414","77.6325172331828","本公司去年以經銷商下單備貨，故變化較大"
"114/02/21","106/11","6462","神盾","半導體業","335254","381274","245166","-12.070059851969974","36.745715148103734","4194016","1335126","214.1288537561249","係因本公司之業績成長"
"114/02/21","106/11","6465","威潤","通信網路業","20474","24449","19722","-16.258333674178903","3.8130007098671532","236418","253881","-6.878419416970943","-"
"114/02/21","106/11","6469","大樹","生技醫療業","333807","317436","256879","5.157260046119533","29.94717357199304","3277676","2518657","30.13586208840664","-"
"114/02/21","106/11","6470","宇智","通信網路業","105504","111062","164648","-5.004411950081936","-35.9214809776007","1501553","1705500","-11.958194077982997","-"
"114/02/21","106/11","6482","弘煜科","文化創意業","24187","28971","26230","-16.513064788926858","-7.788791460160122","320556","357783","-10.404910238887817","-"
"114/02/21","106/11","6485","點序","半導體業","65115","60655","72403","7.353062402110296","-10.065881248014586","631861","1001726","-36.92277129674182","-"
"114/02/21","106/11","6486","互動","通信網路業","158623","114053","257450","39.07832323568867","-38.38687123713343","1581606","1708641","-7.4348561224973535","-"
"114/02/21","106/11","6488","環球晶","半導體業","4207269","3942253","1490071","6.722450334871962","182.35359254693233","41914389","14736342","184.42872050607946","因去年併購SunEdison"
"114/02/21","106/11","6492","生華科","生技醫療業","0","0","0","","","0","128","-100.0","本公司特殊原料藥勞務服務合約，已陸續於103年度到期或終止，新藥業務則尚未達銷售階段，故尚無營業收入。"
"114/02/21","106/11","6494","九齊","半導體業","77105","73188","73414","5.351970268350002","5.027651401640014","918980","811525","13.24112011336681","-"
"114/02/21","106/11","6496","科懋","生技醫療業","149232","123485","169824","20.850305705146376","-12.125494629734312","1566787","1384414","13.173299316533926","-"
"114/02/21","106/11","6499","益安","生技醫療業","5942","15127","17013","-60.71924373636544","-65.07376711926175","139561","17013","720.3197554811027","本公司自105/11月起合併子公司營收；營收較去年同期減少主要係新廠建置完成，產線及設備尚在校調中，致客戶訂單延遲出貨所致。"
"114/02/21","106/11","6506","雙邦","紡織纖維","178253","154464","148976","15.400999585663973","19.652158736977768","1981541","1852317","6.976343681993956","-"
"114/02/21","106/11","6508","惠光","農業科技","129371","146076","161745","-11.435827925189628","-20.01545642832854","1962165","2146873","-8.603582978592586","-"
"114/02/21","106/11","6509","聚和","化學工業","291659","308723","255411","-5.527284977147799","14.192027751349785","2933928","2795529","4.950726678206522","-"
"114/02/21","106/11","6510","精測","半導體業","142099","235936","230573","-39.77222636647226","-38.37136178130137","2942788","2390709","23.092689239886578","-"
"114/02/21","106/11","6512","啟發電","其他電子業","37770","30620","38096","23.350751143043762","-0.8557328853422932","365771","519250","-29.557823784304286","-"
"114/02/21","106/11","6516","勤崴國際","資訊服務業","26335","36980","28444","-28.78583017847485","-7.4145689776402754","226974","193379","17.372620605132926","-"
"114/02/21","106/11","6517","保勝光學","光電業","42111","43680","43708","-3.592032967032967","-3.653793355907385","520429","411973","26.32599709204244","-"
"114/02/21","106/11","6523","達爾膚","生技醫療業","138001","70682","130033","95.24207011686144","6.1276752824283065","883145","1054362","-16.238919839675557","-"
"114/02/21","106/11","6527","明達醫","生技醫療業","50745","39527","37307","28.38060060212007","36.02004985659528","463767","531808","-12.79427913833564","-"
"114/02/21","106/11","6530","創威","通信網路業","23170","30083","42184","-22.979756008376825","-45.07396169163664","333387","364224","-8.466493147074328","-"
"114/02/21","106/11","6532","瑞耘","半導體業","43764","28819","36658","51.85814913772164","19.384581810246058","332928","266171","25.080493367045996","-"
"114/02/21","106/11","6535","順藥","生技醫療業","821","822","119","-0.12165450121654502","589.9159663865546","33838","12464","171.48587933247754","勞務收入"
"114/02/21","106/11","6538","倉和","電子零組件業","62807","68754","97562","-8.649678564156268","-35.62350095323999","835479","1141917","-26.835400471312713","-"
"114/02/21","106/11","6542","隆中","文化創意業","159345","161387","163231","-1.2652815902148253","-2.3806752393846757","2106926","2518311","-16.335750429553777","-"
"114/02/21","106/11","6546","正基","通信網路業","196645","197226","217033","-0.29458590652348066","-9.393963130030917","2104290","2425506","-13.243257283222553","-"
"114/02/21","106/11","6547","高端疫苗","生技醫療業","0","0","0","","","0","0","","."
"114/02/21","106/11","6548","長科*","半導體業","768463","725311","39471","5.949447892007704","1846.9053228952903","5899155","425128","1287.6185525300616","主要係106年3月17日完成SHAP股權交割案，取得海外及大陸地區子公司，故使合併營收較去年成長。"
"114/02/21","106/11","6556","勝品","光電業","93180","95057","141004","-1.9746047108576958","-33.91676831862926","1088013","1195869","-9.019048072991273","-"
"114/02/21","106/11","6560","欣普羅","光電業","15950","11521","7179","38.44284350316813","122.17579050006965","146588","221315","-33.76499559451461","11月營收較去年增加係因主要客戶營收增加"
"114/02/21","106/11","6561","是方","通信網路業","182819","189839","176117","-3.6978703006231597","3.805424802829937","1947002","1812071","7.446231411462354","-"
"114/02/21","106/11","6568","宏觀","半導體業","106086","94872","75938","11.820136605110044","39.70080855434697","1015879","1037316","-2.066583374786468","-"
"114/02/21","106/11","6569","醫揚","生技醫療業","131731","90414","91432","45.6975689605592","44.075378423309125","1177785","979814","20.20495726739973","-"
"114/02/21","106/11","6570","維田","電腦及週邊設備業","46541","38419","45193","21.140581483120332","2.982762817250459","521019","520310","0.13626491899060175","-"
"114/02/21","106/11","6574","霈方","生技醫療業","91809","107150","81169","-14.317312179188054","13.108452734418313","905649","726716","24.62213574491273","-"
"114/02/21","106/11","6576","逸達","生技醫療業","2337","2339","0","-0.08550662676357418","","21401","0","","本年營收較去年同期增加百分比達50％以上，係因本公司本年認列合作開發收入。"
"114/02/21","106/11","6577","勁豐","電腦及週邊設備業","173060","158179","130200","9.407696344015324","32.91858678955453","1620395","1530221","5.892874297242033","-"
"114/02/21","106/11","6578","達邦蛋白","農業科技","52073","56432","73364","-7.724340799546357","-29.021045744506843","519609","666636","-22.055064532968515","-"
"114/02/21","106/11","6584","南俊國際","電子零組件業","192278","155934","190448","23.307296676799158","0.9608922120473831","2017379","1803725","11.845153778985155","-"
"114/02/21","106/11","6588","東典光電","通信網路業","27649","20827","32752","32.75555768953762","-15.580727894479727","430781","307772","39.96757339848979","-"
"114/02/21","106/11","6589","台康生技","生技醫療業","29087","43842","21179","-33.654942748962185","37.338873412342416","282899","228193","23.973566235598813","-"
"114/02/21","106/11","6590","普鴻","資訊服務業","26095","24821","14841","5.132750493533702","75.83046964490264","244523","185726","31.65792619234787","與去年同期相較，除合併個體增加外，專案收入亦增加"
"114/02/21","106/11","6593","台灣銘板","資訊服務業","52030","67973","77965","-23.454901210774867","-33.26492656961457","734636","696106","5.535076554432802","-"
"114/02/21","106/11","6596","寬宏藝術","文化創意業","82649","59956","82777","37.849422910134095","-0.15463232540439978","786074","707318","11.134454375542543","-"
"114/02/21","106/11","6603","富強鑫","電機機械","360529","296824","282553","21.462213298116055","27.5969464135932","3087240","2529550","22.047004407898637","-"
"114/02/21","106/11","6609","瀧澤科","電機機械","274302","292484","194790","-6.216408418922061","40.81934390882489","2516452","2175316","15.682135377113026","-"
"114/02/21","106/11","6612","奈米醫材","生技醫療業","15619","21146","21410","-26.137330937293104","-27.048108360579167","248814","230983","7.719615729296096","無。"
"114/02/21","106/11","6613","朋億*","其他電子業","616903","121875","166101","406.17682051282054","271.40233954040013","2941459","2500358","17.641513735233115","本月營收較去年同期增加271.40%，主係子公司銷貨收入增加所致。"
"114/02/21","106/11","6615","慧智","生技醫療業","36067","36708","31195","-1.7462133594856708","15.617887481968264","386697","351352","10.059712197454404","-"
"114/02/21","106/11","6616","特昇-KY","居家生活","72517","0","73692","","-1.5944742984313087","802918","653809","22.80620181123233","-"
"114/02/21","106/11","6617","共信-KY","生技醫療業","87","87","0","0.0","","963","0","","本公司去年處於新藥研發階段，所以無營業收入"
"114/02/21","106/11","6624","萬年清","綠能環保","36281","29758","18609","21.92015592445729","94.96480197753775","238336","155210","53.557116165195545","106/11專案工程出貨較去年同期增加所致。"
"114/02/21","106/11","6637","醫影","生技醫療業","46687","55021","39517","-15.146943894149507","18.14408988536579","383122","337026","13.67728305828037","主係因106年11月單月份設備驗收台數較多使合併營收增加"
"114/02/21","106/11","6640","均華","半導體業","64714","63493","66095","1.923046635062133","-2.0894167486194113","885036","927713","-4.600237357889778","-"
"114/02/21","106/11","6642","富致","電子零組件業","39608","38581","32470","2.661932039086597","21.98336926393594","364957","309912","17.76149358527582","-"
"114/02/21","106/11","6643","M31","半導體業","65389","39968","64360","63.60338270616493","1.5988191423244251","527802","417350","26.465077273271834","-"
"114/02/21","106/11","6649","台生材","生技醫療業","279","154","526","81.16883116883118","-46.958174904942965","1863","1787","4.252937884722999","-"
"114/02/21","106/11","6651","全宇昕","半導體業","66846","65366","59085","2.264174035431264","13.135313531353136","694616","598447","16.069760563592098","-"
"114/02/21","106/11","6654","天正國際","其他電子業","51581","105198","29973","-50.967699005684516","72.09154906082141","612661","285943","114.25983500208083","主係因被動元件客戶相關之自動化設備需求增加所致"
"114/02/21","106/11","6661","威健生技","生技醫療業","28701","28118","33735","2.073404936339711","-14.922187638950644","290152","246027","17.935023391741556","-"
"114/02/21","106/11","6662","樂斯科","生技醫療業","29393","22070","26301","33.180788400543726","11.75620698832744","211350","203099","4.062550775730062","-"
"114/02/21","106/11","6664","群翊","電子零組件業","117024","92434","123298","26.602765216262416","-5.088484809161543","1309455","1058207","23.74280268416293","-"
"114/02/21","106/11","6667","信紘科","其他電子業","78993","55905","111918","41.29863160719077","-29.4188602369592","843184","925856","-8.929250336985449","-"
"114/02/21","106/11","6803","崑鼎","綠能環保","380287","349268","353752","8.881145710457298","7.501017662090956","4105018","4621870","-11.182746377548481","去年第一季因瑞鼎售電調整計價方式經與業主澄清並獲認可，認列一次性營業收入，故與本年度累計數有差異性。"
"114/02/21","106/11","7402","邑錡","光電業","42046","36923","48693","13.874820572542859","-13.650832768570432","479515","366261","30.921665151353817","-"
"114/02/21","106/11","8024","佑華","半導體業","52344","36460","46201","43.56555128908393","13.296248998939417","535130","558919","-4.256251800350319","-"
"114/02/21","106/11","8027","鈦昇","電機機械","117166","83406","94913","40.47670431383833","23.44568183494358","1265836","1321193","-4.189925317497141","無。"
"114/02/21","106/11","8032","光菱","電子通路業","327204","296073","443294","10.514636593002402","-26.188037735678805","3887220","4381397","-11.278982479788981","註：本月(年)新台幣(累計)營業收入淨額=本月(年)功能性貨幣(累計)營業收入淨額x本月(年累計)換算匯率"
"114/02/21","106/11","8034","榮群","通信網路業","21948","21805","25168","0.6558128869525338","-12.794024157660521","184247","129620","42.14395926554544","-"
"114/02/21","106/11","8038","長園科","電子零組件業","1175","1330","11764","-11.654135338345865","-90.01190071404284","16622","185510","-91.03983612743248","產品結構調整"
"114/02/21","106/11","8040","九暘","半導體業","85856","84405","74359","1.719092470825188","15.46147742707675","801517","791079","1.3194636692416308","-"
"114/02/21","106/11","8042","金山電","電子零組件業","346267","333149","315182","3.937577480346632","9.862555602794576","3219124","3214852","0.13288325558999295","-"
"114/02/21","106/11","8043","蜜望實","電子零組件業","469876","531785","489430","-11.641734911665429","-3.9952597920029422","4594519","4470929","2.764302452577529","-"
"114/02/21","106/11","8044","網家","數位雲端","3248016","2297508","2262117","41.37125964305674","43.58302422023264","26625540","23443436","13.57353930541581","-"
"114/02/21","106/11","8047","星雲","其他電子業","66842","65028","60711","2.7895675708925385","10.098664163001763","674925","676363","-0.2126077269158721","-"
"114/02/21","106/11","8048","德勝","通信網路業","76180","101702","100473","-25.094885056341074","-24.17863505618425","989956","1324497","-25.257965854207296","-"
"114/02/21","106/11","8049","晶采","光電業","143699","134282","139469","7.012853547013003","3.0329320494159995","1644198","1448667","13.497304763620624","-"
"114/02/21","106/11","8050","廣積","電腦及週邊設備業","311983","501033","381657","-37.7320455938032","-18.25565887694972","4130233","4455141","-7.292878048079736","-"
"114/02/21","106/11","8054","安國","半導體業","149392","154622","177442","-3.382442343262925","-15.807982326619403","1816073","1952154","-6.970812753502029","-"
"114/02/21","106/11","8059","凱碩","通信網路業","102612","79796","102227","28.592911925409794","0.37661283222631986","905264","949664","-4.675337803686356","-"
"114/02/21","106/11","8064","東捷","光電業","429829","256652","416881","67.47541417951156","3.1059223135619036","3803958","3795323","0.22751686747083186","-"
"114/02/21","106/11","8066","來思達","居家生活","682845","668319","693624","2.1735129481579905","-1.5540119719040864","6899147","7339632","-6.001458928731032","-"
"114/02/21","106/11","8067","志旭","電子通路業","9249","7606","30192","21.60136734157244","-69.3660572337043","216093","349881","-38.23814382604371","通路退貨"
"114/02/21","106/11","8068","全達","電子通路業","173814","449568","168032","-61.33755071535341","3.441011235955056","3140856","1912240","64.25009413044388","本年累計營收增百分比達50%以上，主要係電子元件客戶需求增加及子公司營收增加所致。"
"114/02/21","106/11","8069","元太","光電業","1140271","1472073","1209198","-22.539778937593447","-5.700224446285885","14311065","12793995","11.857672290789546","-"
"114/02/21","106/11","8071","能率網通","電子零組件業","403268","347923","175410","15.907255340980619","129.9002337380993","3509538","1988847","76.46093440068542","新的合併主體併入"
"114/02/21","106/11","8074","鉅橡","電子零組件業","118460","111833","107545","5.925800076900378","10.149239853084755","1155023","1139473","1.3646659464506838","-"
"114/02/21","106/11","8076","伍豐","電腦及週邊設備業","228440","241734","210366","-5.4994332613533885","8.59169257389502","2777478","2832461","-1.9411741238449531","-"
"114/02/21","106/11","8077","洛碁","觀光餐旅","102027","101887","76886","0.13740712750399953","32.69906094737664","981320","674944","45.39280295846766","-"
"114/02/21","106/11","8080","泰霖","建材營造","14606","20159","47240","-27.54600922664815","-69.08128704487723","444216","671232","-33.82079519450801","太陽能營收減少"
"114/02/21","106/11","8083","瑞穎","電機機械","112215","100141","111020","12.056999630520965","1.076382633759683","1242964","1281462","-3.0042248619155307","-"
"114/02/21","106/11","8084","巨虹","電子通路業","306571","212215","223667","44.462455528591285","37.06581659341789","2497752","2658482","-6.045931475180197","-"
"114/02/21","106/11","8085","福華","其他電子業","107344","110930","103043","-3.2326692508789328","4.173985617654766","1220362","1328648","-8.150089414201505","-"
"114/02/21","106/11","8086","宏捷科","半導體業","117554","109411","119304","7.442578899744999","-1.4668410111982835","1521644","2133547","-28.680080635673832","-"
"114/02/21","106/11","8087","麗升能源","綠能環保","11143","9245","10142","20.53001622498648","9.869848156182213","129817","114936","12.947205401266793","-"
"114/02/21","106/11","8088","品安","半導體業","166428","157725","134418","5.517831669044223","23.813774940856135","1578846","1201700","31.384372139469086","-"
"114/02/21","106/11","8089","康全電訊","通信網路業","169366","207959","163483","-18.557984987425407","3.598539297663977","1705023","1232989","38.2837154264961","-"
"114/02/21","106/11","8091","翔名","半導體業","129797","101679","176363","27.6536944698512","-26.403497332206868","1756232","2178933","-19.39944917994266","-"
"114/02/21","106/11","8092","建暐","其他電子業","23452","28516","23775","-17.758451395707674","-1.3585699263932702","321674","358963","-10.387978705326177","-"
"114/02/21","106/11","8093","保銳","電子零組件業","54094","48867","19100","10.696379970122987","183.21465968586386","488046","531764","-8.221316222986136","本月營收增減百分比達50%係因子公司銷售上升"
"114/02/21","106/11","8096","擎亞","電子通路業","2333943","2583247","3084487","-9.650799942862607","-24.33286313088692","28487663","27275465","4.444279868372546","-"
"114/02/21","106/11","8097","常珵","通信網路業","6673","6030","5301","10.663349917081261","25.88190907375967","86301","75760","13.913674762407602","-"
"114/02/21","106/11","8099","大世科","資訊服務業","284748","257249","242388","10.68964310842802","17.47611267884549","3237879","3163011","2.3669851290431807","-"
"114/02/21","106/11","8107","大億金茂","電機機械","95285","65187","69117","46.17178271741298","37.86043954454042","966639","910333","6.185209148740077","-"
"114/02/21","106/11","8109","博大","電子零組件業","95528","100747","80127","-5.180303135577238","19.22073707988568","1066138","920818","15.781620255034111","-"
"114/02/21","106/11","8111","立碁","光電業","66723","66433","72144","0.4365300377824274","-7.5141383898868925","800539","678858","17.92436709886309","-"
"114/02/21","106/11","8121","越峰","電子零組件業","206387","184960","207467","11.584666955017301","-0.5205647163163298","2163486","2193400","-1.3638187289140147","-"
"114/02/21","106/11","8147","正淩","電子零組件業","82169","66961","67479","22.711727722106897","21.769735769646854","693338","799865","-13.318122433160596","-"
"114/02/21","106/11","8155","博智","電子零組件業","238114","235504","155963","1.108261430803723","52.673390483640354","2155436","1580066","36.41430168106902","本月增加52.67%，本年增加36.41%，主要係因出貨增加所致"
"114/02/21","106/11","8171","天宇","綠能環保","28266","28584","153906","-1.112510495382032","-81.63424427897547","825069","1560852","-47.13983132289288","本月及本年營收均較去年同期減少主要係出貨量減少所致。"
"114/02/21","106/11","8176","智捷","通信網路業","124015","135154","62638","-8.241709457359752","97.98684504613813","1186471","1127753","5.20663655960126","本月營收較去年同期增加50%以上, 主係公司產品訂單增加所致"
"114/02/21","106/11","8182","加高","電子零組件業","241332","248920","287904","-3.048368953880765","-16.176225408469488","2654812","2684847","-1.118685720266369","-"
"114/02/21","106/11","8183","精星","其他電子業","317418","303303","332383","4.653762079504654","-4.502336160393281","3128980","3300630","-5.200522324525924","-"
"114/02/21","106/11","8227","巨有科技","半導體業","18509","21459","16729","-13.74714571974463","10.640205630940283","228000","251042","-9.178543829319397","-"
"114/02/21","106/11","8234","新漢","電腦及週邊設備業","623147","501777","583881","24.1880357210474","6.725000470986383","5779117","5387546","7.268077154236827","-"
"114/02/21","106/11","8240","華宏","光電業","658998","677458","743733","-2.7248921704371343","-11.393201592506989","7598574","8224824","-7.614144691728358","-"
"114/02/21","106/11","8255","朋程","電機機械","335817","326743","310000","2.777106166008147","8.328064516129032","3388162","3233714","4.776179959019258","-"
"114/02/21","106/11","8277","商丞","半導體業","43574","55578","51087","-21.598474216416566","-14.706285356352888","565780","533198","6.110675583929422","-"
"114/02/21","106/11","8279","生展","生技醫療業","71296","81244","73062","-12.244596524051007","-2.417125181352824","877508","696740","25.94482877400465","-"
"114/02/21","106/11","8284","三竹","資訊服務業","110028","103127","91346","6.691749008504077","20.451908129529482","1077606","925659","16.415008118540413","-"
"114/02/21","106/11","8289","泰藝","電子零組件業","127300","119002","131880","6.972992050553772","-3.472854109796785","1330637","1423424","-6.518577739310283","-"
"114/02/21","106/11","8291","尚茂","電子零組件業","56755","60794","68764","-6.643747738263644","-17.46408004188238","699359","560940","24.676257710272044","-"
"114/02/21","106/11","8299","群聯","半導體業","3896275","3741271","3837687","4.143083994717303","1.526648733990031","38859533","40715170","-4.557605924278346","-"
"114/02/21","106/11","8342","益張","其他","131104","88029","204641","48.932738074952574","-35.93463675412063","1357229","1781693","-23.823632915434928","-"
"114/02/21","106/11","8349","恒耀國際","鋼鐵工業","993995","867735","922954","14.550525217952485","7.697133334922434","9458194","9217194","2.6146786104317647","-"
"114/02/21","106/11","8354","冠好","其他","74483","68820","82340","8.228712583551292","-9.542142336652903","748117","747625","0.06580839324527671","-"
"114/02/21","106/11","8358","金居","電子零組件業","447085","488522","520018","-8.482115442088585","-14.025091439142491","6148510","4815416","27.683880271195676","-"
"114/02/21","106/11","8383","千附","其他電子業","250402","237951","336839","5.232589902963215","-25.661220939380534","2968352","3005918","-1.2497346900347914","-"
"114/02/21","106/11","8390","金益鼎","綠能環保","374663","333988","259903","12.178581266392804","44.15493472564764","3568572","2770483","28.806854256099026","-"
"114/02/21","106/11","8401","白紗科","其他","146148","113716","143756","28.520173062717646","1.6639305489857814","1292588","1251976","3.2438321501370635","-"
"114/02/21","106/11","8403","盛弘","生技醫療業","228378","212901","213024","7.269576000112728","7.207638575935106","2384378","2121036","12.415725145636378","-"
"114/02/21","106/11","8409","商之器","生技醫療業","21973","8847","36422","148.3666779699333","-39.6710779199385","165221","191838","-13.874727634775175","-"
"114/02/21","106/11","8410","森田","電腦及週邊設備業","100271","91413","74776","9.690087843085776","34.095164223815125","931735","775933","20.079310971436968","-"
"114/02/21","106/11","8415","大國鋼","鋼鐵工業","1010303","1043084","780252","-3.1426999167852254","29.48419228659459","10362257","9372671","10.55820694015612","-"
"114/02/21","106/11","8416","實威","資訊服務業","80496","76578","79636","5.116351954869545","1.079913606911447","813612","779212","4.414716405804839","-"
"114/02/21","106/11","8421","旭源","其他","113649","105581","111179","7.64152641100198","2.221642576385828","1181924","1192906","-0.920609000206219","-"
"114/02/21","106/11","8423","保綠-KY","綠能環保","24437","24390","20977","0.1927019270192702","16.494255613290747","258068","209588","23.131095291715173","-"
"114/02/21","106/11","8424","惠普","建材營造","79680","74332","79796","7.194747887854491","-0.14537069527294602","837485","796448","5.152502109365583","-"
"114/02/21","106/11","8426","紅木-KY","其他","202381","210467","173082","-3.841932464471865","16.927814561883963","1575272","1914179","-17.705084007295035","-"
"114/02/21","106/11","8431","匯鑽科","其他電子業","78246","70204","71338","11.455187738590393","9.683478650929379","691834","684181","1.1185636549392632","-"
"114/02/21","106/11","8432","東生華","生技醫療業","37770","36663","44320","3.019392848375747","-14.778880866425993","441214","445891","-1.0489110567380817","-"
"114/02/21","106/11","8433","弘帆","居家生活","227340","184038","241181","23.528836435953444","-5.738843441232933","2627887","2606022","0.839018243130718","-"
"114/02/21","106/11","8435","鉅邁","其他","60852","57977","64322","4.958862997395519","-5.394732750847299","685060","585777","16.948941320673224","-"
"114/02/21","106/11","8436","大江","生技醫療業","412529","334397","304862","23.36504215049776","35.316635067669964","3650030","2795178","30.58309703353418","-"
"114/02/21","106/11","8437","大地-KY","其他","61460","58846","52727","4.442103116609455","16.562671875889013","728543","657044","10.881919627909243","-"
"114/02/21","106/11","8440","綠電","綠能環保","55540","50438","51989","10.115389190689559","6.830291023101041","552302","531801","3.8550134354768044","-"
"114/02/21","106/11","8444","綠河-KY","其他","247696","309047","302739","-19.851673046494547","-18.181668037484435","3187222","2535073","25.725058016080798","-"
"114/02/21","106/11","8446","華研","文化創意業","152576","145433","161132","4.911540021865739","-5.309932229476454","1361803","1364591","-0.20431030250089588","-"
"114/02/21","106/11","8450","霹靂","文化創意業","62982","48207","50045","30.64907586035223","25.850734339094814","575998","621251","-7.284173385636401","-"
"114/02/21","106/11","8455","大拓-KY","其他電子業","128705","124460","165525","3.410734372489153","-22.244373961637216","1559153","1835749","-15.06720145292194","-"
"114/02/21","106/11","8472","夠麻吉","數位雲端","46768","46068","46455","1.5194929235043848","0.6737703153589495","493915","519849","-4.988756350401752","-"
"114/02/21","106/11","8477","創業家","數位雲端","437277","296795","307078","47.33300763153018","42.39932525286735","3360187","2856710","17.624365091311333","-"
"114/02/21","106/11","8489","三貝德","其他","98136","91650","50600","7.076923076923077","93.94466403162055","860420","705929","21.8847787808689","主要係106年11月份增加實體補習班之業績貢獻，使教育大平台之規模持續擴大所致。"
"114/02/21","106/11","8905","裕國","其他","223863","228198","346281","-1.8996660794573135","-35.352213953407784","2432072","2662822","-8.665618655696852","-"
"114/02/21","106/11","8906","花王","其他","22155","18891","20015","17.27806892170875","10.691981014239321","172724","184179","-6.219492993229412","-"
"114/02/21","106/11","8908","欣雄","油電燃氣業","576565","506998","436097","13.721355902784627","32.21026514743279","5283646","4482604","17.870014839588773","-"
"114/02/21","106/11","8916","光隆","其他","759983","992371","741063","-23.417451739319265","2.5530892785093844","7968752","8111715","-1.7624263179857773","-"
"114/02/21","106/11","8917","欣泰","油電燃氣業","139452","118803","116487","17.38087422034797","19.714646269540808","1473366","1335280","10.341351626625128","-"
"114/02/21","106/11","8921","沈氏","其他","63058","52054","53208","21.139585814730857","18.51225379642159","492661","546155","-9.794655363404162","-"
"114/02/21","106/11","8923","時報","文化創意業","42988","37156","30047","15.695984497793088","43.06919159982694","377517","402356","-6.173388740319518","-"
"114/02/21","106/11","8924","大田","運動休閒","408019","374724","336934","8.885206178413979","21.097603684994688","3478601","3510199","-0.9001768845583968","-"
"114/02/21","106/11","8927","北基","油電燃氣業","386878","386759","313492","0.030768514759837523","23.409209804396923","3850528","3277195","17.494625739389935","-"
"114/02/21","106/11","8928","鉅明","運動休閒","188707","180893","226854","4.319680695217615","-16.815661174147248","1755353","1736029","1.1131150458892103","-"
"114/02/21","106/11","8929","富堡","其他","138603","146648","121927","-5.485925481424909","13.677036259401117","1447233","1096601","31.9744373751255","-"
"114/02/21","106/11","8930","青鋼","鋼鐵工業","81895","92945","106299","-11.888751412125451","-22.957882952802944","967965","1022557","-5.338773290877672","-"
"114/02/21","106/11","8931","大汽電","油電燃氣業","123733","132791","103668","-6.821245415728476","19.35505652660416","1503932","1201696","25.150786887865152","-"
"114/02/21","106/11","8932","智通*","其他","67731","67696","61174","0.05170172536043489","10.718605943701572","928172","1081844","-14.204635788524039","-"
"114/02/21","106/11","8933","愛地雅","運動休閒","398621","465193","396962","-14.310619463319526","0.417924133796182","3771144","4108510","-8.211395372044853","-"
"114/02/21","106/11","8935","邦泰","其他","42986","50540","41480","-14.946576968737634","3.630665380906461","551329","542099","1.7026410305128767","-"
"114/02/21","106/11","8936","國統","其他","339687","298493","170721","13.8006586419112","98.97200695872212","2890581","2711349","6.610436354744446","1.子公司福建台明鑄管科技股份有限公司營收增加 2.去年同期工程追加成本致完工比例下降調減工程收入"
"114/02/21","106/11","8937","合騏","其他","15549","22591","22211","-31.171705546456554","-29.99414704425735","296317","363030","-18.376718177561084","-"
"114/02/21","106/11","8938","明安","運動休閒","1163977","854422","971655","36.22975531997069","19.793239369940977","9176206","7933701","15.661101924562068","-"
"114/02/21","106/11","8941","關中","居家生活","200066","169486","155775","18.042788194895152","28.43267533301236","2322663","2257343","2.893667466574641","-"
"114/02/21","106/11","8942","森鉅","其他","380073","349105","304787","8.87068360521906","24.70118476181727","4134988","4060706","1.829287813498441","-"
"114/02/21","106/11","9949","琉園","文化創意業","26214","27342","23035","-4.125521176212421","13.800738007380074","259925","296480","-12.32966810577442","-"
"114/02/21","106/11","9950","萬國通","塑膠工業","229144","208309","231999","10.00196822988925","-1.2306087526239338","2573632","2768950","-7.053865183553333","-"
"114/02/21","106/11","9951","皇田","電機機械","528633","495577","411559","6.670204630158381","28.446468185606438","4982055","4077419","22.186486108001166","-"
"114/02/21","106/11","9960","邁達康","運動休閒","40403","37777","38040","6.9513195859914765","6.211882229232387","398904","405052","-1.51782980950594","-"
"114/02/21","106/11","9962","有益","鋼鐵工業","199837","145107","231208","37.71699504503573","-13.568302134874227","2104583","1977341","6.435005393606869","-"
